OxA-12825	55.44	-1.59	12007	549	1.0	-5.53	1.29	1.29	BoomerEtal2007,ShennanEtal2018
SRR-3843	55.63	-1.81	8017	250	0.0	-1.65	0.22	0.22	PlaterShennan1992,ShennanEtal2018
SRR-3844	55.63	-1.81	7732	199	0.0	-1.47	0.23	0.23	PlaterShennan1992,ShennanEtal2018
SRR-3845	55.63	-1.81	8074	240	0.0	-1.9	0.23	0.23	PlaterShennan1992,ShennanEtal2018
OxA-12951	55.44	-1.59	7164	255	0.0	-3.14	0.28	0.28	BoomerEtal2007,ShennanEtal2018
OxA-12952	55.44	-1.59	7821	187	0.0	-4.02	0.6	0.6	BoomerEtal2007,ShennanEtal2018
AA-23498	55.53	-1.63	4055	338	0.0	0.44	0.4	0.4	PlaterShennan1992,ShennanEtal2018
OxA-12953	55.44	-1.59	7942	224	0.0	-4.02	0.6	0.6	BoomerEtal2007,ShennanEtal2018
OxA-12954	55.44	-1.59	7921	222	0.0	-4.05	0.6	0.6	BoomerEtal2007,ShennanEtal2018
OxA-12967	55.44	-1.59	3564	264	0.0	-1.26	0.5	0.5	BoomerEtal2007,ShennanEtal2018
OxA-13029	55.44	-1.59	7474	185	0.0	-3.55	0.28	0.28	BoomerEtal2007,ShennanEtal2018
OxA-13370	55.44	-1.59	11620	403	1.0	-5.39	1.29	1.29	BoomerEtal2007,ShennanEtal2018
OxA-12950	55.44	-1.59	7171	253	0.0	-3.07	0.28	0.28	BoomerEtal2007,ShennanEtal2018
OxA-12947	55.44	-1.59	6675	258	0.0	-2.23	0.5	0.5	BoomerEtal2007,ShennanEtal2018
OxA-11858	55.44	-1.59	8141	204	0.0	-3.23	2.02	2.02	BoomerEtal2007,ShennanEtal2018
OxA-11833	55.44	-1.59	8104	221	0.0	-3.25	2.02	2.02	BoomerEtal2007,ShennanEtal2018
OxA-12946	55.44	-1.59	4218	295	0.0	-1.39	0.5	0.5	BoomerEtal2007,ShennanEtal2018
OxA-12944	55.44	-1.59	3135	260	0.0	-0.63	0.5	0.5	BoomerEtal2007,ShennanEtal2018
OxA-12824	55.44	-1.59	12164	536	1.0	-5.61	1.29	1.29	BoomerEtal2007,ShennanEtal2018
OxA-11936	55.44	-1.59	11605	338	1.0	-5.34	1.29	1.29	BoomerEtal2007,ShennanEtal2018
AA-27616	55.57	-1.65	8221	208	1.0	-2.17	1.13	1.13	ShennanEtal2000,ShennanEtal2018
AA-27229	55.57	-1.65	7968	238	0.0	-2.44	0.21	0.21	ShennanEtal2000,ShennanEtal2018
OxA-11859	55.44	-1.59	7998	232	0.0	-4.49	0.6	0.6	BoomerEtal2007,ShennanEtal2018
AA-27228	55.57	-1.65	8163	237	0.0	-2.27	0.21	0.21	ShennanEtal2000,ShennanEtal2018
OxA-12949	55.44	-1.59	6853	292	0.0	-2.76	0.28	0.28	BoomerEtal2007,ShennanEtal2018
AA-27226	55.57	-1.65	8152	215	0.0	-2.78	0.21	0.21	ShennanEtal2000,ShennanEtal2018
OxA-11860	55.44	-1.59	7974	221	0.0	-4.52	0.6	0.6	BoomerEtal2007,ShennanEtal2018
SRR-3842	55.63	-1.81	7782	183	0.0	-1.13	0.22	0.22	PlaterShennan1992,ShennanEtal2018
AA-27227	55.57	-1.65	11555	372	1.0	-2.06	1.13	1.13	ShennanEtal2000,ShennanEtal2018
