Hv-24830	54.31	13.71	8921	276	0.0	-14.15	0.522015	0.522015	HoffmannEtal2009,RosentauEtal2021
Hv-24831	54.31	13.71	8699	284	0.0	-7.55	0.522015	0.522015	HoffmannEtal2009,RosentauEtal2021
Hv-24832	54.47	13.57	4774	204	0.0	-0.25	0.5220153254455275	0.5220153254455275	LampeEtal2010,RosentauEtal2021
Hv-24833	54.31	13.7	8159	164	0.0	-6.05	0.522015	0.522015	HoffmannEtal2009,RosentauEtal2021
Hv-24432	54.55	13.28	7581	145	0.0	-3.65	0.5220153254455275	0.5220153254455275	LampeEtal2010,RosentauEtal2021
Hv-24430	54.57	13.14	601	72	0.0	-0.65	0.5220153254455275	0.5220153254455275	LampeEtal2010,RosentauEtal2021
Hv-24425	54.58	13.1	8936	479	0.0	-11.950000000000001	0.5220153254455275	0.5220153254455275	LampeEtal2010,RosentauEtal2021
Hv-24834	54.29	13.71	8953	294	0.0	-14.85	0.522015	0.522015	HoffmannEtal2009,RosentauEtal2021
Hv-24835	54.31	13.72	8971	308	0.0	-6.05	0.522015	0.522015	HoffmannEtal2009,RosentauEtal2021
KIA-19371	54.31	13.7	7294	112	0.0	-2.05	0.522015	0.522015	HoffmannEtal2009,RosentauEtal2021
Hv-24421	54.5	13.07	8247	184	0.0	-8.25	0.5220153254455275	0.5220153254455275	LampeEtal2010,RosentauEtal2021
KIA-19372	54.32	13.72	6534	326	0.0	-0.95	0.522015	0.522015	HoffmannEtal2009,RosentauEtal2021
Hv-23672	54.55	13.21	1038	228	0.0	-0.15	0.25	0.25	LampeEtal2010,RosentauEtal2021
Hv-23671	54.55	13.21	1066	218	0.0	-0.15	0.25	0.25	LampeEtal2010,RosentauEtal2021
KIA-19373	54.33	13.72	7317	105	0.0	-3.35	0.559017	0.559017	HoffmannEtal2009,RosentauEtal2021
KIA-24245	54.55	13.29	6165	125	-1.0	-0.6000000000000001	0.2	0.2	LampeEtal2010,RosentauEtal2021
KIA-19818	54.47	13.57	4309	109	0.0	-0.15	0.5220153254455275	0.5220153254455275	LampeEtal2010,RosentauEtal2021
KIA-19370	54.33	13.72	5274	199	0.0	-1.65	0.522015	0.522015	HoffmannEtal2009,RosentauEtal2021
Hv-24423	54.53	13.12	8202	150	0.0	-6.75	0.5220153254455275	0.5220153254455275	LampeEtal2010,RosentauEtal2021
Hv-24420	54.53	13.13	8089	270	0.0	-4.15	0.5220153254455275	0.5220153254455275	LampeEtal2010,RosentauEtal2021
KIA-24220	54.48	13.53	6133	136	1.0	-0.9	0.2	0.2	LampeEtal2010,RosentauEtal2021
Hv-24433	54.55	13.28	7723	194	0.0	-3.85	0.5220153254455275	0.5220153254455275	LampeEtal2010,RosentauEtal2021
KIA-24217	54.48	13.53	5387	87	1.0	-0.7	0.2	0.2	LampeEtal2010,RosentauEtal2021
KIA-24218	54.48	13.53	6150	134	1.0	-1.1	0.2	0.2	LampeEtal2010,RosentauEtal2021
KIA-24219	54.48	13.53	6430	101	1.0	-1.2	0.2	0.2	LampeEtal2010,RosentauEtal2021
KIA-26574	54.55	13.21	1342	35	0.0	-0.15	0.25	0.25	LampeEtal2010,RosentauEtal2021
KIA-26571	54.48	13.49	7755	101	0.0	-3.25	0.25	0.25	LampeEtal2010,RosentauEtal2021
KIA-26569	54.48	13.49	7238	65	0.0	-2.4499999999999997	0.25	0.25	LampeEtal2010,RosentauEtal2021
KIA-26568	54.48	13.49	7122	118	0.0	-2.15	0.25	0.25	LampeEtal2010,RosentauEtal2021
KIA-26567	54.48	13.49	6612	134	0.0	-1.95	0.25	0.25	LampeEtal2010,RosentauEtal2021
KIA-26566	54.48	13.49	6342	61	0.0	-1.75	0.25	0.25	LampeEtal2010,RosentauEtal2021
KIA-26575	54.55	13.21	2874	94	0.0	-0.25	0.25	0.25	LampeEtal2010,RosentauEtal2021
KIA-26565	54.48	13.49	5858	236	0.0	-1.65	0.25	0.25	LampeEtal2010,RosentauEtal2021
Bln-1875	54.4	13.61	8957	296	0.0	-9.25	0.5220153254455275	0.5220153254455275	LampeEtal2010,RosentauEtal2021
KIA-24249	54.55	13.29	6515	96	-1.0	-0.6000000000000001	0.2	0.2	LampeEtal2010,RosentauEtal2021
KIA-24250	54.55	13.29	6699	96	-1.0	-0.8999999999999999	0.2	0.2	LampeEtal2010,RosentauEtal2021
KIA-25985	54.48	13.49	5782	113	0.0	-1.15	0.25	0.25	LampeEtal2010,RosentauEtal2021
KIA-25986	54.48	13.49	6820	113	0.0	-2.35	0.25	0.25	LampeEtal2010,RosentauEtal2021
KIA-25987	54.48	13.49	994	62	0.0	0.65	0.25	0.25	LampeEtal2010,RosentauEtal2021
KIA-25989	54.48	13.49	5259	183	0.0	-0.44999999999999996	0.25	0.25	LampeEtal2010,RosentauEtal2021
Bln-1559	54.4	13.61	6666	176	0.0	-2.05	0.5220153254455275	0.5220153254455275	LampeEtal2010,RosentauEtal2021
Bln-1560	54.4	13.61	8500	86	0.0	-7.75	0.5220153254455275	0.5220153254455275	LampeEtal2010,RosentauEtal2021
KIA-26563	54.48	13.49	5467	125	0.0	-1.05	0.25	0.25	LampeEtal2010,RosentauEtal2021
KIA-26576	54.55	13.21	4871	112	0.0	-0.55	0.25	0.25	LampeEtal2010,RosentauEtal2021
KIA-24248	54.55	13.29	6614	100	-1.0	-0.6000000000000001	0.2	0.2	LampeEtal2010,RosentauEtal2021
KIA-27247	54.58	13.34	6849	86	-1.0	-1.3	0.2	0.2	LampeEtal2010,RosentauEtal2021
Hv-24829	54.31	13.7	8721	252	0.0	-5.55	0.522015	0.522015	HoffmannEtal2009,RosentauEtal2021
KIA-35287	54.56	13.07	8063	110	1.0	-9.7	0.5	0.5	NaumannLampe2011,RosentauEtal2021
KIA-24247	54.55	13.29	7503	64	1.0	-1.6	0.2	0.2	LampeEtal2010,RosentauEtal2021
KIA-26577	54.55	13.21	4847	174	0.0	-0.55	0.25	0.25	LampeEtal2010,RosentauEtal2021
KIA-35279	54.54	13.11	8424	60	0.0	-9.55	0.5220153254455275	0.5220153254455275	NaumannLampe2011,RosentauEtal2021
KIA-24246	54.55	13.29	7100	128	1.0	-1.6	0.2	0.2	LampeEtal2010,RosentauEtal2021
KIA-27248	54.58	13.34	7503	64	1.0	-2.2	0.2	0.2	LampeEtal2010,RosentauEtal2021
