SUERC-34125	61.898	-49.518	842	85	0.0	-2.66	0.21	0.21	WoodroffeEtal2014
SUERC-34124	61.898	-49.518	9521	32	0.0	-2.66	0.21	0.21	WoodroffeEtal2014
SUERC-34123	61.909	-49.514	9621	71	0.0	10.64	0.27	0.27	WoodroffeEtal2014
SUERC-34118	61.911	-49.512	1347	45	0.0	-1.14	0.15	0.15	WoodroffeEtal2014
SUERC-34121	61.912	-49.495	11010	185	0.0	37.23	0.12	0.12	WoodroffeEtal2014
SUERC-34126	61.922	-49.481	10114	131	0.0	23.27	0.17	0.17	WoodroffeEtal2014
SUERC-34116	61.911	-49.512	9317	149	0.0	-0.95	0.15	0.15	WoodroffeEtal2014
SUERC-34115	61.915	-49.506	9444	94	0.0	0.4	0.18	0.18	WoodroffeEtal2014
SUERC-34122	61.915	-49.49	10369	120	0.0	52.55	0.95	0.95	WoodroffeEtal2014
SUERC-34117	61.911	-49.512	2262	92	1.0	-1.14	0.15	0.15	WoodroffeEtal2014
