I-3431	50.63	-2.56	6184	350	0.0	-5.71	0.22	0.22	HeyworthKidson1982,ShennanEtal2018
Beta-87925	50.69	-2.03	3312	299	0.0	-1.64	0.21	0.21	LongEtal1999a,ShennanEtal2018
CAMS-40012	50.67	-2.0	4850	393	0.0	-1.85	0.5	0.5	Edwards2001,ShennanEtal2018
I-3429	50.63	-2.56	5744	383	0.0	-4.5	0.22	0.22	HeyworthKidson1982,ShennanEtal2018
CAMS-40116	50.69	-2.03	1191	214	0.0	-1.06	0.15	0.15	Edwards2001,ShennanEtal2018
I-5307	50.59	-2.49	7149	343	0.0	-6.84	0.87	0.87	HeyworthKidson1982,ShennanEtal2018
CAMS-41300	50.69	-2.03	279	251	0.0	-0.54	0.27	0.27	Edwards2001,ShennanEtal2018
CAMS-41301	50.67	-2.0	239	222	0.0	-0.7	0.36	0.36	Edwards2001,ShennanEtal2018
CAMS-41302	50.67	-2.0	2385	322	0.0	-0.89	0.21	0.21	Edwards2001,ShennanEtal2018
CAMS-41303	50.67	-2.0	940	232	0.0	-0.53	0.21	0.21	Edwards2001,ShennanEtal2018
CAMS-40013	50.67	-2.0	3662	276	0.0	-1.39	0.5	0.5	Edwards2001,ShennanEtal2018
