UBA-22803	52.79	-9.49	7109	126	1.0	0.17	1.31	1.31	WilliamsDoyle2014,ShennanEtal2018
UBA-22804	52.79	-9.49	5731	124	1.0	0.17	1.31	1.31	WilliamsDoyle2014,ShennanEtal2018
UBA-22805	53.01	-9.4	6530	108	1.0	1.25	1.48	1.48	WilliamsDoyle2014,ShennanEtal2018
Beta-62539	52.8	-9.57	2317	369	1.0	-1.25	1.39	1.39	DevoyEtal1996,ShennanEtal2018
Beta-62537	52.8	-9.57	504	184	1.0	-0.33	1.39	1.39	DevoyEtal1996,ShennanEtal2018
Beta-62538	52.8	-9.57	536	194	1.0	-0.3	1.39	1.39	DevoyEtal1996,ShennanEtal2018
UB-2094	52.58	-9.73	4402	396	1.0	0.89	1.53	1.53	Pearson1979,ShennanEtal2018
UB-2093	52.58	-9.73	4699	141	1.0	0.89	1.53	1.53	Pearson1979,ShennanEtal2018
Beta-62536	52.8	-9.57	323	287	1.0	-0.15	1.39	1.39	DevoyEtal1996,ShennanEtal2018
GrN-20144	52.63	-9.3	295	131	0.0	-1.1	2.21	2.21	OSullivan2001,ShennanEtal2018
