AA-22701	52.97	0.58	4995	371	0.0	-6.52	0.21	0.21	AndrewsEtal2000,ShennanEtal2018
AA-22703	52.97	1.02	6549	232	0.0	-7.6	0.54	0.54	AndrewsEtal2000,ShennanEtal2018
AA-23464	52.99	0.67	6848	312	0.0	-9.38	0.54	0.54	AndrewsEtal2000,ShennanEtal2018
AA-22700	52.98	0.77	11001	312	1.0	-8.47	1.68	1.68	AndrewsEtal2000,ShennanEtal2018
AA-28178	52.98	0.61	7379	202	1.0	-2.92	1.53	1.53	AndrewsEtal2000,ShennanEtal2018
AA-28179	52.98	0.61	5221	326	0.0	-3.87	1.02	1.02	AndrewsEtal2000,ShennanEtal2018
AA-22704	52.98	0.99	8673	293	1.0	-13.41	1.46	1.46	AndrewsEtal2000,ShennanEtal2018
AA-22699	52.97	0.76	4868	381	1.0	-2.78	1.6	1.6	AndrewsEtal2000,ShennanEtal2018
AA-23936	52.96	0.82	7255	251	1.0	-8.21	1.37	1.37	AndrewsEtal2000,ShennanEtal2018
AA-22697	52.95	1.08	5164	293	0.0	-6.5	0.21	0.21	AndrewsEtal2000,ShennanEtal2018
AA-27233	52.96	0.9	8239	251	0.0	-17.19	0.54	0.54	AndrewsEtal2000,ShennanEtal2018
AA-27232	52.96	0.9	7719	234	0.0	-15.83	0.54	0.54	AndrewsEtal2000,ShennanEtal2018
AA-22679	52.97	0.82	8076	278	1.0	-11.39	0.21	0.21	AndrewsEtal2000,ShennanEtal2018
AA-22680	52.97	0.82	10626	419	1.0	-10.25	1.37	1.37	AndrewsEtal2000,ShennanEtal2018
AA-22681	52.96	0.82	6794	358	0.0	-9.71	0.21	0.21	AndrewsEtal2000,ShennanEtal2018
AA-27588	52.96	0.9	10602	394	1.0	-16.31	1.46	1.46	AndrewsEtal2000,ShennanEtal2018
AA-22682	52.96	0.82	8642	340	1.0	-8.38	1.37	1.37	AndrewsEtal2000,ShennanEtal2018
AA-22684	52.98	0.77	7998	292	1.0	-7.68	1.6	1.6	AndrewsEtal2000,ShennanEtal2018
AA-22685	52.98	0.77	10717	428	1.0	-9.58	0.21	0.21	AndrewsEtal2000,ShennanEtal2018
AA-22686	52.96	0.9	8331	282	0.0	-16.73	0.21	0.21	AndrewsEtal2000,ShennanEtal2018
AA-22687	52.98	0.66	2801	304	0.0	-5.03	0.21	0.21	AndrewsEtal2000,ShennanEtal2018
AA-22688	52.98	0.66	3515	287	0.0	-5.68	0.21	0.21	AndrewsEtal2000,ShennanEtal2018
AA-22689	52.98	0.66	6678	270	0.0	-9.22	0.21	0.21	AndrewsEtal2000,ShennanEtal2018
AA-22690	52.98	0.66	11328	447	1.0	-7.87	1.37	1.37	AndrewsEtal2000,ShennanEtal2018
AA-22691	52.97	0.58	2714	319	0.0	-4.46	0.21	0.21	AndrewsEtal2000,ShennanEtal2018
AA-22693	52.97	0.58	5341	297	0.0	-6.72	0.4	0.4	AndrewsEtal2000,ShennanEtal2018
AA-22694	52.97	0.58	9858	313	1.0	-5.93	1.6	1.6	AndrewsEtal2000,ShennanEtal2018
AA-22695	52.95	1.08	7020	265	1.0	-7.31	1.15	1.15	AndrewsEtal2000,ShennanEtal2018
AA-22696	52.95	1.08	4414	373	0.0	-5.98	0.21	0.21	AndrewsEtal2000,ShennanEtal2018
AA-22698	52.97	0.76	4160	323	0.0	-4.0	0.21	0.21	AndrewsEtal2000,ShennanEtal2018
AA-22692	52.97	0.58	4181	313	0.0	-5.71	0.21	0.21	AndrewsEtal2000,ShennanEtal2018
SRR-2601	52.96	0.81	5158	294	0.0	-4.65	0.55	0.55	FunnellPearson1989,ShennanEtal2018
SRR-2603	52.96	1.05	5134	306	0.0	-6.09	0.65	0.65	FunnellPearson1989,ShennanEtal2018
SRR-2389	52.97	0.64	9321	239	1.0	-8.89	1.46	1.46	FunnellPearson1989,ShennanEtal2018
AA-23458	52.97	0.69	3758	332	0.0	-2.83	0.54	0.54	AndrewsEtal2000,ShennanEtal2018
SRR-2388	52.97	0.64	4490	328	0.0	-6.65	0.55	0.55	FunnellPearson1989,ShennanEtal2018
AA-23463	52.98	0.99	7581	219	0.0	-14.34	0.54	0.54	AndrewsEtal2000,ShennanEtal2018
AA-27148	53.04	1.11	8876	322	1.0	-24.2	1.4	1.4	ShennanEtal2000a,ShennanEtal2018
AA-27142	52.99	1.11	8358	263	0.0	-22.44	0.54	0.54	ShennanEtal2000a,ShennanEtal2018
SRR-2387	52.97	0.64	3769	293	0.0	-5.25	0.55	0.55	FunnellPearson1989,ShennanEtal2018
SRR-2391	52.97	0.81	5183	302	0.0	-5.6	0.55	0.55	FunnellPearson1989,ShennanEtal2018
SRR-2386	52.97	0.64	2973	238	0.0	-3.88	0.55	0.55	FunnellPearson1989,ShennanEtal2018
AA-23461	52.98	0.67	4576	290	0.0	-5.34	0.54	0.54	AndrewsEtal2000,ShennanEtal2018
SRR-2393	52.97	0.81	7829	196	1.0	-7.69	2.85	2.85	FunnellPearson1989,ShennanEtal2018
SRR-2599	52.96	0.81	5276	308	0.0	-5.05	0.55	0.55	FunnellPearson1989,ShennanEtal2018
AA-23462	52.97	1.02	6444	244	0.0	-7.32	0.54	0.54	AndrewsEtal2000,ShennanEtal2018
SRR-2600	52.96	0.81	5615	275	0.0	-5.98	0.55	0.55	FunnellPearson1989,ShennanEtal2018
AA-27231	52.96	0.9	7468	199	0.0	-15.26	0.54	0.54	AndrewsEtal2000,ShennanEtal2018
AA-23460	52.99	0.67	10768	397	1.0	-8.2	1.26	1.26	AndrewsEtal2000,ShennanEtal2018
AA-23459	52.97	0.69	6621	273	1.0	-3.39	1.46	1.46	AndrewsEtal2000,ShennanEtal2018
SRR-2392	52.97	0.81	6833	324	0.0	-7.91	0.55	0.55	FunnellPearson1989,ShennanEtal2018
