K-2474	56.93	8.85	7896	218	1.0	-0.5	0.5	0.5	JessenEtal2019,Petersen1975
K-2480	57.03	9.16	7812	275	-1.0	3.5	0.5	0.5	JessenEtal2019,Petersen1981
K-2476	56.93	8.85	8272	234	1.0	0.0	0.5	0.5	JessenEtal2019,Petersen1975
AAR-1827	56.72	8.24	10037	342	-1.0	-24.0	0.5	0.5	JessenEtal2019,Petersen1998
K-3280	57.07	8.85	8567	348	-1.0	-24.75	0.56	0.56	JessenEtal2019,Petersen1981
K-3281	57.07	8.85	8796	356	-1.0	-24.75	0.56	0.56	JessenEtal2019,Petersen1981
AAR-1828	56.72	8.24	10912	442	-1.0	-33.0	0.5	0.5	JessenEtal2019,Petersen1998
K-2755	57.07	8.85	8469	363	-1.0	-24.75	0.56	0.56	JessenEtal2019,Petersen1981
K-2872	57.07	8.85	6222	274	-1.0	-14.0	0.71	0.71	JessenEtal2019,Petersen1981
K-2873	57.07	8.85	7382	265	-1.0	-20.75	0.56	0.56	JessenEtal2019,Petersen1981
AAR-13957	56.97	9.31	9176	215	-1.0	-9.4	0.5	0.5	JessenEtal2019
K-2875	57.07	8.85	11277	438	1.0	-25.75	0.56	0.56	JessenEtal2019,Petersen1981
AAR-13958	56.97	9.31	9510	37	1.0	-9.5	0.5	0.5	JessenEtal2019
AAR-13959	56.97	9.31	11599	215	1.0	-10.1	0.5	0.5	JessenEtal2019
KIA-42408	56.99	9.26	8465	84	1.0	-1.15	0.5	0.5	JessenEtal2019,Nielsen2010,Nielsen2013
AAR-1819	56.85	7.96	8862	358	-1.0	-33.3	0.5	0.5	JessenEtal2019,Petersen1998
AAR-1820	56.85	7.96	10347	316	-1.0	-33.7	0.5	0.5	JessenEtal2019,Petersen1998
K-2874	57.07	8.85	7649	265	-1.0	-23.25	0.56	0.56	JessenEtal2019,Petersen1981
AAR-1822	56.85	7.96	10717	369	-1.0	-34.5	0.5	0.5	JessenEtal2019,Petersen1998
K-3282	57.07	8.85	8217	286	-1.0	-24.75	0.56	0.56	JessenEtal2019,Petersen1981
AAR-1818	56.85	7.96	10130	471	-1.0	-46.0	0.5	0.5	JessenEtal2019,Petersen1998
AAR-7843	57.11	8.61	9481	332	-1.0	-7.5	0.5	0.5	JessenEtal2019,PetersenVonPlatenHallermund2018
K-6147	56.65	8.2	6839	302	-1.0	-3.75	0.56	0.56	JessenEtal2019,Petersen1998
K-6148	56.65	8.2	6907	360	-1.0	-4.25	0.56	0.56	JessenEtal2019,Petersen1998
K-6149	56.65	8.2	8717	431	-1.0	-11.75	0.56	0.56	JessenEtal2019,Petersen1998
K-6150	56.65	8.2	9364	323	1.0	-10.5	0.5	0.5	JessenEtal2019,Petersen1998
K-4291	56.72	8.24	8116	278	-1.0	-23.0	0.5	0.5	JessenEtal2019,Petersen1985
