TO-7713	-74.88	163.9	5831	419	-1.0	16.0	1.3	1.3	BriggsTarasov2013,BaroniHall2004
TO-6649	-74.88	163.9	6163	432	-1.0	17.0	1.3	1.3	BriggsTarasov2013,BaroniHall2004
TO-6648	-74.88	163.9	6090	427	-1.0	16.0	1.3	1.3	BriggsTarasov2013,BaroniHall2004
TO-4959(4)	-74.88	163.75	2487	402	1.0	4.2	1.3	1.3	BriggsTarasov2013,BaroniHall2004
GX-13615(2)	-74.88	163.75	5508	424	1.0	18.5	1.3	1.3	BriggsTarasov2013,BaroniHall2004
AA-42242	-74.88	163.75	5630	503	0.0	22.0	1.3	1.3	BriggsTarasov2013,BaroniHall2004
GX-13612(2)	-74.88	163.75	5402	437	1.0	17.5	1.3	1.3	BriggsTarasov2013,BaroniHall2004
AA-48524	-74.88	163.75	5639	458	-1.0	10.0	1.3	1.3	BriggsTarasov2013,BaroniHall2004
AA-48531	-74.9	163.73	3278	514	0.0	9.5	1.3	1.3	BriggsTarasov2013,BaroniHall2004
AA-48536	-74.88	163.75	5798	467	0.0	26.0	1.3	1.3	BriggsTarasov2013,BaroniHall2004
AA-52677	-74.9	163.73	6164	365	0.0	22.0	1.3	1.3	BriggsTarasov2013,BaroniHall2004
OS-36631	-74.9	163.73	5439	372	1.0	28.0	1.3	1.3	BriggsTarasov2013,BaroniHall2004
AA-48518	-74.9	163.73	6662	353	0.0	28.0	1.3	1.3	BriggsTarasov2013,BaroniHall2004
