SI-1793	55.65	-60.33	1441	201	1.0	6.0	1.1	1.1	ClarkFitzhugh1990
SI-6702	55.65	-60.33	1957	155	1.0	6.0	1.1	1.1	ClarkFitzhugh1990
SI-5829	55.7	-60.35	444	115	1.0	5.0	0.7	0.7	ClarkFitzhugh1990
SI-2979	56.63	-61.03	6910	210	1.0	22.8	1.2	1.2	ClarkFitzhugh1990
SI-2986	56.63	-61.03	7014	238	1.0	22.8	1.2	1.2	ClarkFitzhugh1990
SI-2984	56.71	-61.36	3601	204	1.0	10.6	0.7	0.7	ClarkFitzhugh1990
GSC-1264	56.71	-61.36	4002	214	1.0	11.7	0.8	0.8	ClarkFitzhugh1990
SI-4826	56.71	-61.36	4149	259	1.0	11.5	0.8	0.8	ClarkFitzhugh1990
GSC-697	56.71	-61.36	4025	367	-1.0	3.5	0.7	0.7	ClarkFitzhugh1990
BETA-15515	56.71	-61.36	6991	285	1.0	26.6	1.4	1.4	ClarkFitzhugh1990
SI-3558	56.71	-61.36	7872	138	1.0	41.3	2.2	2.2	ClarkFitzhugh1990
GSC-2588	56.71	-61.36	8440	240	-1.0	36.5	1.9	1.9	ClarkFitzhugh1990
SI-4829	56.8	-62.28	1284	97	1.0	3.5	0.7	0.7	ClarkFitzhugh1990
SI-2510	57.0	-61.7	2981	175	1.0	6.7	0.7	0.7	Martindale2020
SI-2505	57.44	-61.71	5682	200	1.0	10.7	0.7	0.7	Martindale2020
SI-2155	57.55	-61.75	1363	181	1.0	3.9	0.7	0.7	Martindale2020
