T-2888a	60.1817	5.06	10752	424	0.0	22.62	1.38	1.3763468243016321	KrzywinskiStabell1984,LohneEtal2007,CreelEtal2022
T-2887a	60.24	5.03	8887	552	0.0	8.52	1.27	1.2737282923932474	StabellKrzywinski1979,LohneEtal2007,CreelEtal2022
T-2886a	60.24	5.03	10425	578	0.0	8.52	1.27	1.2737282923932474	StabellKrzywinski1979,LohneEtal2007,CreelEtal2022
Lu-1582a	60.2417	5.17	3044	330	0.0	5.72	1.28	1.2796837157655903	Haakansson1980,CreelEtal2022
T-2892a	60.3767	5.05	11639	779	0.0	38.22	1.53	1.5263879973813064	KrzywinskiStabell1984,LohneEtal2007,CreelEtal2022
T-2891a	60.4433	5.0	10196	616	0.0	4.82	1.34	1.3442618400125044	Kaland1984,CreelEtal2022
T-2896a	60.1967	5.06	14247	720	1.0	29.94	1.29	1.2947775563788824	KrzywinskiStabell1984,LohneEtal2007,CreelEtal2022
Poz-4817	60.206833333333336	5.0855	13948	133	0.0	29.12	1.41	1.4148580816434582	LohneEtal2007,CreelEtal2022
Poz-4818	60.206833333333336	5.0855	14436	358	-1.0	29.1	1.29	1.2892780156369772	LohneEtal2007,CreelEtal2022
Poz-4819	60.35	4.9943333333333335	13219	100	0.0	24.32	1.42	1.4237409958427805	LohneEtal2007,CreelEtal2022
Poz-4821	60.35	4.9943333333333335	13611	141	0.0	24.32	1.42	1.4237409958427805	LohneEtal2007,CreelEtal2022
Poz-4823	60.35	4.9943333333333335	13936	127	-1.0	24.3	1.26	1.2617124548599674	LohneEtal2007,CreelEtal2022
Lu-1581a	60.2367	5.18	10723	415	0.0	13.02	1.34	1.335941564130014	Haakansson1980,LohneEtal2007,CreelEtal2022
T-139	60.516666666666666	4.866666666666667	13895	732	-1.0	12.0	1.19	1.192071540631867	Nydal1960,CreelEtal2022
Poz-4908	60.35	4.9943333333333335	12640	122	-1.0	24.3	1.26	1.2617124548599674	LohneEtal2007,CreelEtal2022
T-2889a	60.385	5.01	11880	588	0.0	34.72	1.51	1.5072777914553215	KrzywinskiStabell1984,LohneEtal2007,CreelEtal2022
T-2885a	60.1967	5.06	11572	618	0.0	30.52	1.42	1.4199478483064505	KrzywinskiStabell1984,LohneEtal2007,CreelEtal2022
Poz-4813	60.206833333333336	5.0855	12979	128	0.0	29.12	1.41	1.4148580816434582	LohneEtal2007,CreelEtal2022
Poz-4815	60.206833333333336	5.0855	12988	130	0.0	29.12	1.41	1.4148580816434582	LohneEtal2007,CreelEtal2022
Lu-1580a	60.2367	5.18	8141	236	0.0	13.02	1.34	1.335941564130014	Haakansson1980,CreelEtal2022
Lu-1553a	60.3883	4.98	6910	403	0.0	11.82	1.38	1.3760455924744377	StabellKrzywinski1978,LohneEtal2007,CreelEtal2022
Lu-1552	60.3767	5.05	12696	534	1.0	37.51	1.34	1.342795462328527	KrzywinskiStabell1984,LohneEtal2007,CreelEtal2022
Lu-1529a	60.3867	5.0	11998	579	0.0	32.52	1.5	1.4951652528254935	KrzywinskiStabell1984,LohneEtal2007,CreelEtal2022
Lu-1528a	60.2617	4.97	2537	361	0.0	3.52	1.28	1.2779922115530253	StabellKrzywinski1978,LohneEtal2007,CreelEtal2022
Lu-1527a	60.4067	4.99	2281	409	0.0	3.62	1.34	1.3360870742582924	StabellKrzywinski1978,LohneEtal2007,CreelEtal2022
Lu-1503a	60.35	4.99	11410	468	0.0	24.02	1.42	1.4203183738892304	KrzywinskiStabell1984,LohneEtal2007,CreelEtal2022
Lu-1498a	60.3533	4.99	10749	413	0.0	9.22	1.31	1.3142123662765752	StabellKrzywinski1978,LohneEtal2007,CreelEtal2022
Lu-1496a	60.3533	4.99	5576	411	0.0	9.22	1.31	1.3142123662765752	StabellKrzywinski1978,LohneEtal2007,CreelEtal2022
Lu-1495a	60.3783	4.98	2929	400	0.0	5.32	1.33	1.3262044410861127	StabellKrzywinski1978,LohneEtal2007,CreelEtal2022
Lu-1361a	60.2633	4.98	10597	576	0.0	7.62	1.28	1.2774381900507759	StabellKrzywinski1978,LohneEtal2007,CreelEtal2022
Poz-4811	60.206833333333336	5.0855	12231	249	-1.0	29.1	1.29	1.2892780156369772	LohneEtal2007,CreelEtal2022
Poz-4812	60.206833333333336	5.0855	12806	83	-1.0	29.1	1.29	1.2892780156369772	LohneEtal2007,CreelEtal2022
Poz-4909	60.35	4.9943333333333335	13222	109	0.0	24.32	1.42	1.4237409958427805	LohneEtal2007,CreelEtal2022
Poz-4814	60.206833333333336	5.0855	12977	120	0.0	29.12	1.41	1.4148580816434582	LohneEtal2007,CreelEtal2022
T-2884a	60.24	5.03	5039	405	0.0	8.52	1.27	1.2737282923932474	StabellKrzywinski1979,CreelEtal2022
Poz-4910	60.35	4.9943333333333335	13219	100	0.0	24.32	1.42	1.4237409958427805	LohneEtal2007,CreelEtal2022
Poz-5095	60.35	4.9943333333333335	13219	104	0.0	24.32	1.42	1.4237409958427805	LohneEtal2007,CreelEtal2022
Poz-4912	60.35	4.9943333333333335	13316	129	0.0	24.32	1.42	1.4237409958427805	LohneEtal2007,CreelEtal2022
Lu-1583a	60.24	5.17	3947	414	0.0	7.32	1.28	1.2796397626102618	Haakansson1980,CreelEtal2022
Lu-1353a	60.2483	5.036666666666667	10635	407	0.0	11.42	1.32	1.3225137476593103	StabellKrzywinski1978,LohneEtal2007,CreelEtal2022
Poz-6372	60.294666666666664	5.086666666666667	11626	234	1.0	38.7	1.35	1.3496815944618106	LohneEtal2007,CreelEtal2022
Poz-6371	60.294666666666664	5.086666666666667	11602	228	1.0	38.7	1.35	1.3496815944618106	LohneEtal2007,CreelEtal2022
Poz-6370	60.294666666666664	5.086666666666667	11407	187	1.0	38.7	1.35	1.3496815944618106	LohneEtal2007,CreelEtal2022
Lu-1356a	60.2483	5.03	4430	418	0.0	6.92	1.27	1.2738483341170406	StabellKrzywinski1978,LohneEtal2007,CreelEtal2022
Lu-1357a	60.2483	5.03	10297	400	0.0	6.92	1.27	1.2738483341170406	StabellKrzywinski1978,LohneEtal2007,CreelEtal2022
Lu-1358a	60.2433	5.0	4854	439	0.0	7.92	1.28	1.275308133007438	StabellKrzywinski1978,LohneEtal2007,CreelEtal2022
Poz-6369	60.294666666666664	5.086666666666667	11188	90	1.0	38.7	1.35	1.3496815944618106	LohneEtal2007,CreelEtal2022
Poz-6368	60.294666666666664	5.086666666666667	10854	232	1.0	38.7	1.35	1.3496815944618106	LohneEtal2007,CreelEtal2022
Poz-5185	60.294666666666664	5.086666666666667	11494	218	0.0	39.32	1.49	1.4902346758399765	LohneEtal2007,CreelEtal2022
Poz-4911	60.35	4.9943333333333335	13328	137	0.0	24.32	1.42	1.4237409958427805	LohneEtal2007,CreelEtal2022
Poz-5184	60.294666666666664	5.086666666666667	12917	148	1.0	38.7	1.35	1.3496815944618106	LohneEtal2007,CreelEtal2022
Poz-5137	60.294666666666664	5.086666666666667	13611	141	1.0	38.7	1.35	1.3496815944618106	LohneEtal2007,CreelEtal2022
Poz-5136	60.294666666666664	5.086666666666667	12131	299	1.0	38.7	1.35	1.3496815944618106	LohneEtal2007,CreelEtal2022
Lu-1359a	60.2633	4.98	4954	454	0.0	7.62	1.28	1.2774381900507759	StabellKrzywinski1978,LohneEtal2007,CreelEtal2022
Poz-5134	60.294666666666664	5.086666666666667	11579	247	1.0	38.7	1.35	1.3496815944618106	LohneEtal2007,CreelEtal2022
Poz-4914	60.35	4.9943333333333335	13337	135	0.0	24.32	1.42	1.4237409958427805	LohneEtal2007,CreelEtal2022
Poz-4915	60.35	4.9943333333333335	13452	128	0.0	24.32	1.42	1.4237409958427805	LohneEtal2007,CreelEtal2022
Poz-4922	60.35	4.9943333333333335	13667	135	0.0	24.32	1.42	1.4237409958427805	LohneEtal2007,CreelEtal2022
Poz-5135	60.294666666666664	5.086666666666667	11750	286	0.0	39.32	1.49	1.4902346758399765	LohneEtal2007,CreelEtal2022
T-2636	60.2017	5.07	11906	593	0.0	35.82	1.45	1.4514865960816354	KrzywinskiStabell1984,LohneEtal2007,CreelEtal2022
Lu-1360a	60.2633	4.98	8972	482	0.0	7.62	1.28	1.2774381900507759	StabellKrzywinski1978,LohneEtal2007,CreelEtal2022
T-138	60.516666666666666	4.866666666666667	14489	1003	-1.0	12.0	1.19	1.192071540631867	Nydal1960,CreelEtal2022
Poz-5129	60.294666666666664	5.086666666666667	11576	232	1.0	38.7	1.35	1.3496815944618106	LohneEtal2007,CreelEtal2022
Poz-5130	60.294666666666664	5.086666666666667	11566	239	1.0	38.7	1.35	1.3496815944618106	LohneEtal2007,CreelEtal2022
Poz-5131	60.294666666666664	5.086666666666667	12898	140	1.0	38.7	1.35	1.3496815944618106	LohneEtal2007,CreelEtal2022
Poz-5132	60.294666666666664	5.086666666666667	14009	180	1.0	38.7	1.35	1.3496815944618106	LohneEtal2007,CreelEtal2022
Poz-5133	60.294666666666664	5.086666666666667	11626	266	1.0	38.7	1.35	1.3496815944618106	LohneEtal2007,CreelEtal2022
Poz-5096	60.35	4.9943333333333335	13325	136	0.0	24.32	1.42	1.4237409958427805	LohneEtal2007,CreelEtal2022
Tua-3242	60.4233	4.98	10501	208	0.0	19.82	1.42	1.4168720023182735	BondevikEtal2006,CreelEtal2022
