St-1960	76.59	25.189	10740	394	0.0	49.6	2.0	2.0	HoppeEtal1969,FormanEtal2004
St-1958	76.59	25.189	4321	349	0.0	13.8	2.0	2.0	HoppeEtal1969,FormanEtal2004
St-1959	76.59	25.189	4527	275	0.0	13.8	2.0	2.0	HoppeEtal1969,FormanEtal2004
St-2018	76.59	25.189	7134	192	0.0	29.5	2.0	2.0	HoppeEtal1969,FormanEtal2004
St-2213	76.59	25.189	4742	293	0.0	16.9	2.0	2.0	HoppeEtal1969,FormanEtal2004
St-2019	76.59	25.189	3243	202	0.0	11.8	2.0	2.0	HoppeEtal1969,FormanEtal2004
St-2020	76.59	25.189	1633	180	0.0	7.199999999999999	2.0	2.0	HoppeEtal1969,FormanEtal2004
St-2116	76.59	25.189	658	193	0.0	4.3	2.0	2.0	HoppeEtal1969,FormanEtal2004
St-2120	76.59	25.189	4160	291	0.0	11.5	2.0	2.0	HoppeEtal1969,FormanEtal2004
St-2225	76.59	25.189	10820	359	0.0	50.1	2.0	2.0	HoppeEtal1969,FormanEtal2004
St-2455	76.59	25.189	1118	179	0.0	3.4000000000000004	2.0	2.0	HoppeEtal1969,FormanEtal2004
St-8603	76.573	25.158	10856	332	0.0	47.5	2.0	2.0	ZaleBrydsten1993,FormanEtal2004
St-8604	76.573	25.158	11253	465	0.0	57.0	2.0	2.0	ZaleBrydsten1993,FormanEtal2004
St-8605	76.474	24.953	6992	226	0.0	26.0	2.0	2.0	ZaleBrydsten1993,FormanEtal2004
St-8606	76.474	24.953	6776	209	0.0	22.5	2.0	2.0	ZaleBrydsten1993,FormanEtal2004
St-1958	76.59	25.189	750	151	0.0	3.5	2.0	2.0	HoppeEtal1969,FormanEtal2004
