GX-20139	69.06	36.06	12333	419	0.0	54.0	6.349212549600146	6.349212549600146	SnyderEtal1997,BaranskayaEtal2018
AA-15619	69.13	35.93	11373	439	0.0	22.0	6.349212549600146	6.349212549600146	SnyderEtal1997,BaranskayaEtal2018
AA-15618	69.08	36.23	3169	284	0.0	7.0	6.349212549600146	6.349212549600146	SnyderEtal1997,BaranskayaEtal2018
AA-15617	69.07	36.03	12050	540	0.0	41.0	6.349212549600146	6.349212549600146	SnyderEtal1997,BaranskayaEtal2018
GX-16322	69.1	36.1	4943	328	-1.0	9.5	1.13	1.1282172312048682	SnyderEtal1996,CreelEtal2022
GX-18214	69.1	36.2	6626	273	-1.0	5.0	1.13	1.1287615242138236	SnyderEtal1996,CreelEtal2022
GX-18587	69.1	36.2	9885	1078	-1.0	4.0	1.13	1.1287615242138236	SnyderEtal1996,CreelEtal2022
GX-17283	69.1	36.1	7242	381	0.0	12.06	2.15	2.147618755212757	SnyderEtal1996,CreelEtal2022
GX-17284	69.1	36.2	6949	270	-1.0	6.0	1.13	1.1287615242138236	SnyderEtal1996,CreelEtal2022
LU-161	69.12	36.08	4446	410	-1.0	3.5	0.972111104761179	0.972111104761179	ArslanovEtal1974,BaranskayaEtal2018
GX-18213	69.1	36.2	6086	256	-1.0	7.0	1.13	1.1287615242138236	SnyderEtal1996,CreelEtal2022
AA-12479	69.1	36.2	5571	335	-1.0	7.5	1.13	1.1287615242138236	SnyderEtal1996,CreelEtal2022
AA-12478	69.1	36.2	8385	249	-1.0	5.5	1.13	1.1287615242138236	SnyderEtal1996,CreelEtal2022
