LU-337	66.61	34.74	7819	342	-1.0	3.0	0.972111104761179	0.972111104761179	ArslanovEtal1974,BaranskayaEtal2018
Beta-109617	66.71	34.35	4364	443	0.0	18.5	4.3927439363113345	4.3927439363113345	KolkaEtal2013,BaranskayaEtal2018
Beta-109616	66.73	34.25	3562	402	0.0	12.0	4.3927439363113345	4.3927439363113345	KolkaEtal2013,BaranskayaEtal2018
Beta-109614	66.7	34.33	8207	763	0.0	36.0	4.3927439363113345	4.3927439363113345	KolkaEtal2013,BaranskayaEtal2018
Beta-109614	66.7	34.33	13170	842	0.0	36.0	4.3927439363113345	4.3927439363113345	KolkaEtal2013,BaranskayaEtal2018
Beta-109613	66.78	34.27	12347	465	0.0	30.0	4.3927439363113345	4.3927439363113345	KolkaEtal2013,BaranskayaEtal2018
Beta-109612	66.78	34.24	6522	369	0.0	27.0	4.3927439363113345	4.3927439363113345	KolkaEtal2013,BaranskayaEtal2018
Beta-106548	66.78	34.27	7105	374	0.0	30.0	4.3927439363113345	4.3927439363113345	KolkaEtal2013,BaranskayaEtal2018
Beta-104752	66.69	34.32	10144	524	0.0	41.3	4.3927439363113345	4.3927439363113345	KolkaEtal2013,BaranskayaEtal2018
MGU-IOAN-181	66.67	34.31	5298	1153	-1.0	4.2	1.0897247358851685	1.0897247358851685	Koshechkin1979,BaranskayaEtal2018
Beta-104751	66.69	34.32	11536	646	0.0	41.3	4.3927439363113345	4.3927439363113345	KolkaEtal2013,BaranskayaEtal2018
