GSC-1347	53.72	-60.12	6997	196	1.0	90.2	2.5	2.5	LowdonBlake1975,VacchiEtal2018
GSC-1300	53.47	-60.3	7472	127	1.0	165.2	2.5	2.5	LowdonBlake1975,VacchiEtal2018
GSC-1280	53.55	-60.17	3257	226	1.0	24.2	1.3	1.3	Martindale2020,VacchiEtal2018
SI-1288	53.5	-60.17	848	192	1.0	7.8	0.7	0.7	Martindale2020,VacchiEtal2018
SI-1331	53.33	-60.58	6862	352	1.0	143.2	2.5	2.5	Jordan1975,King1985,VacchiEtal2018
SI-1332	53.52	-60.17	5498	151	1.0	29.2	1.6	1.6	Jordan1975,King1985,VacchiEtal2018
BETA-28885	54.82	-60.73	8257	281	-1.0	75.2	2.7	2.7	Batterson1996,VacchiEtal2018
TO-1123	54.55	-60.78	8404	245	-1.0	58.2	2.7	2.7	AwadallahBatterson1990,VacchiEtal2018
GSC-1135	53.52	-60.15	5935	282	-1.0	33.2	2.3	2.3	Liverman1997,VacchiEtal2018
GX-1578	53.5	-60.17	1049	227	1.0	7.2	0.7	0.7	Martindale2020,VacchiEtal2018
GSC-4651	54.57	-60.73	7253	248	-1.0	40.2	2.2	2.2	McNeelyBrennan2005,VacchiEtal2018
SI-1287	53.5	-60.17	1715	266	1.0	7.8	0.7	0.7	Martindale2020,VacchiEtal2018
