KIA37742	-68.825	77.773	65	57	-1.0	-4.0	0.4	0.4	IshiwaEtal2021,BergEtal2010b
KIA34076	-68.801	77.89	116	108	-1.0	-12.0	2.4000000000000004	2.4000000000000004	IshiwaEtal2021,BergEtal2010b
KIA37742	-68.825	77.773	80	72	-1.0	-4.0	0.4	0.4	IshiwaEtal2021,BergEtal2010b
KIA38366	-68.833	77.927	83	75	-1.0	-2.0	1.0	1.0	IshiwaEtal2021,BergEtal2010a
COL2092	-68.811	77.868	1186	95	1.0	11.5	2.3000000000000003	2.3000000000000003	IshiwaEtal2021,BergEtal2016
KIA38367	-68.833	77.927	724	141	-1.0	-2.0	1.0	1.0	IshiwaEtal2021,BergEtal2010a
KIA35015	-68.801	77.89	1225	139	-1.0	-12.0	2.4000000000000004	2.4000000000000004	IshiwaEtal2021,BergEtal2010b
KIA38368	-68.833	77.927	1725	160	-1.0	-2.0	1.0	1.0	IshiwaEtal2021,BergEtal2010a
KIA37743	-68.825	77.773	2485	174	-1.0	-4.0	0.4	0.4	IshiwaEtal2021,BergEtal2010b
KIA35016	-68.801	77.89	3505	223	-1.0	-12.0	2.4000000000000004	2.4000000000000004	IshiwaEtal2021,BergEtal2010b
KIA38366	-68.833	77.927	4509	192	-1.0	-2.0	1.0	1.0	IshiwaEtal2021,BergEtal2010a
KIA35017	-68.801	77.89	5354	201	-1.0	-12.0	2.4000000000000004	2.4000000000000004	IshiwaEtal2021,BergEtal2010b
COL2093	-68.811	77.868	7598	81	1.0	11.5	2.3000000000000003	2.3000000000000003	IshiwaEtal2021,BergEtal2016
KIA35019	-68.801	77.89	6938	234	-1.0	-12.0	2.4000000000000004	2.4000000000000004	IshiwaEtal2021,BergEtal2010b
KIA37745	-68.825	77.773	7018	180	-1.0	-4.0	0.4	0.4	IshiwaEtal2021,BergEtal2010b
KIA37745	-68.825	77.773	7073	173	-1.0	-4.0	0.4	0.4	IshiwaEtal2021,BergEtal2010b
COL1399	-68.811	77.868	8554	312	1.0	11.5	2.3000000000000003	2.3000000000000003	IshiwaEtal2021,BergEtal2016
KIA35021	-68.801	77.89	7569	547	-1.0	-12.0	2.4000000000000004	2.4000000000000004	IshiwaEtal2021,BergEtal2010b
KIA35020	-68.801	77.89	7613	180	-1.0	-12.0	2.4000000000000004	2.4000000000000004	IshiwaEtal2021,BergEtal2010b
KIA35020	-68.801	77.89	7906	154	-1.0	-12.0	2.4000000000000004	2.4000000000000004	IshiwaEtal2021,BergEtal2010b
KIA37746	-68.825	77.773	8337	158	-1.0	-4.0	0.4	0.4	IshiwaEtal2021,BergEtal2010b,HodgsonEtal2016
Beta305737	-68.825	77.773	9766	187	1.0	-4.0	0.4	0.4	IshiwaEtal2021,HodgsonEtal2016
KIA37749	-68.801	77.89	9094	201	-1.0	-12.0	2.4000000000000004	2.4000000000000004	IshiwaEtal2021,BergEtal2010b
Beta305736	-68.825	77.773	9206	190	-1.0	-4.0	0.4	0.4	IshiwaEtal2021,HodgsonEtal2016
KIA37749	-68.801	77.89	9459	179	-1.0	-12.0	2.4000000000000004	2.4000000000000004	IshiwaEtal2021,BergEtal2010b
Beta305738	-68.825	77.773	10938	214	1.0	-4.0	0.4	0.4	IshiwaEtal2021,HodgsonEtal2016
Beta305951	-68.825	77.773	10961	214	1.0	-4.0	0.4	0.4	IshiwaEtal2021,HodgsonEtal2016
KIA37748	-68.825	77.773	11395	205	1.0	-4.0	0.4	0.4	IshiwaEtal2021,BergEtal2010b,HodgsonEtal2016
KIA34077	-68.801	77.89	10893	208	-1.0	-12.0	2.4000000000000004	2.4000000000000004	IshiwaEtal2021,BergEtal2010b
KIA34077	-68.801	77.89	11427	208	-1.0	-12.0	2.4000000000000004	2.4000000000000004	IshiwaEtal2021,BergEtal2010b
Beta305739	-68.825	77.773	12824	81	1.0	-4.0	0.4	0.4	IshiwaEtal2021,HodgsonEtal2016
KIA35022	-68.801	77.89	13332	213	-1.0	-12.0	2.4000000000000004	2.4000000000000004	IshiwaEtal2021,BergEtal2010b
