KIA-23028	69.479	-50.706	7662	70	1.0	41.21	1.0	1.0	LongEtal2006,LongEtal2011
Beta_110457	69.844	-51.094	4134	369	0.0	-2.75	0.37	0.37	LongEtal1999,LongEtal2011
Beta_110456	69.844	-51.094	1268	191	0.0	-2.8	0.37	0.37	LongEtal1999,LongEtal2011
KIA-23027	69.501	-50.712	6988	284	1.0	36.08	1.0	1.0	LongEtal2006,LongEtal2011
KIA-23026	69.501	-50.726	7378	52	0.0	31.97	1.0	1.0	LongEtal2006,LongEtal2011
Beta-112543	69.774	-51.249	7820	284	0.0	24.36	0.78	0.78	LongEtal1999,LongEtal2011
Beta-107879	69.76	-51.235	9883	307	0.0	68.45	0.46	0.46	LongEtal1999,LongEtal2011
Beta-110747	69.768	-51.26	5149	161	0.0	12.97	0.93	0.93	LongEtal1999,LongEtal2011
Beta-110748	69.768	-51.255	7187	118	0.0	17.11	0.25	0.25	LongEtal1999,LongEtal2011
Beta-112544	69.767	-51.233	8681	296	0.0	45.91	0.38	0.38	LongEtal1999,LongEtal2011
