LTL-1615A	45.47	12.29	1701	268	-1.0	-1.5	0.2	0.2	MadricardoDonnici2014,VacchiEtal2016
Grado_B	45.72	13.24	4074	791	0.0	-3.0999999999999996	1.1236102527122116	1.1236102527122116	Marocco1989,VacchiEtal2016
LTL-1612A	45.46	12.3	2539	179	-1.0	-2.61	0.2	0.2	MadricardoDonnici2014,VacchiEtal2016
LTL-1616A	45.47	12.29	2823	298	0.0	-2.51	0.65	0.65	MadricardoDonnici2014,VacchiEtal2016
ROME-1205	45.4	12.25	539	188	0.0	-1.1	0.54	0.54	MozziEtal2003,VacchiEtal2016
Beta-168127	45.6	12.64	7397	205	0.0	-6.46	0.93	0.93	BondesanEtal2003,VacchiEtal2016
Beta-170844	45.65	12.64	3894	341	0.0	-1.85	0.8	0.8	BondesanEtal2004,BondesanEtal2002,VacchiEtal2016
Beta-184251	45.63	12.88	6953	307	0.0	-9.0	0.81	0.81	Fontana2006,VacchiEtal2016
Bondesan_2004_01	45.57	12.44	1950	100	0.0	-1.1	0.74	0.74	BondesanEtal2004,AntonioliEtal2009,VacchiEtal2016
CARG-12	45.54	12.44	2546	172	0.0	-0.8799999999999999	1.2	1.2	TosiEtal2007,VacchiEtal2016
CNR1_345	45.44	12.3	4041	245	0.0	-2.45	1.2	1.2	BortolamiEtal1977,VacchiEtal2016
DSH-815	45.77	13.57	647	119	0.0	0.30000000000000004	1.0	1.0	FurlaniEtal2013,VacchiEtal2016
DSH-869	45.77	13.57	1920	71	0.0	-1.0	1.1	1.1	FurlaniEtal2013,VacchiEtal2016
Anto_2	45.77	13.57	297	154	0.0	0.0	1.0	1.0	FurlaniEtal2013,VacchiEtal2016
LTL-1631A	45.47	12.29	2427	298	0.0	-1.39	0.58	0.58	MadricardoDonnici2014,VacchiEtal2016
Ua-24049	45.62	12.75	7469	195	0.0	-9.32	0.81	0.81	AntonioliEtal2009,FontanaEtal2012,VacchiEtal2016
Ua-24876	45.64	12.93	6552	228	0.0	-4.65	0.7	0.7	Fontana2006,AntonioliEtal2009,VacchiEtal2016
B6_Paris_Sud	45.67	12.93	7198	373	0.0	-5.47	0.68	0.68	GalassiMarocco1999,VacchiEtal2016
A4_Paris_Sud-4247	45.62	12.95	6362	672	0.0	-2.69	0.6	0.6	GalassiMarocco1999,VacchiEtal2016
A2_ParisSud-4209	45.62	12.95	1831	321	0.0	-0.6200000000000001	0.6	0.6	GalassiMarocco1999,VacchiEtal2016
B3_Paris_Sud	45.67	12.93	4005	713	0.0	-2.28	0.6	0.6	GalassiMarocco1999,VacchiEtal2016
GX-26939	45.48	12.41	4597	269	0.0	-4.27	0.81	0.81	Lezziero2002,VacchiEtal2016
Grado_A	45.72	13.24	877	574	0.0	-0.4	0.6	0.6	Marocco1989,VacchiEtal2016
LTL-2082A	45.79	13.56	7053	277	1.0	-6.51	0.7	0.7	MaroccoMelis2009,VacchiEtal2016
Anto_4	45.77	13.57	713	154	0.0	0.30000000000000004	1.0	1.0	FurlaniEtal2013,VacchiEtal2016
OZG-332	45.35	12.32	1424	134	0.0	-0.3999999999999999	1.0	1.0	SerandreiBarberoEtal2006,VacchiEtal2016
OZG-322	45.35	12.32	2848	172	0.0	-1.35	0.7	0.7	SerandreiBarberoEtal2006,VacchiEtal2016
OZ-G411	45.49	12.35	1805	252	0.0	-1.25	0.6	0.6	SerandreiBarberoEtal2006,VacchiEtal2016
OZG-320	45.36	12.25	1876	162	0.0	-1.08	0.6	0.6	SerandreiBarberoEtal2006,VacchiEtal2016
OZG-304	45.35	12.32	583	114	0.0	0.30000000000000004	1.0	1.0	SerandreiBarberoEtal2006,VacchiEtal2016
OZG-124	45.48	12.41	6580	255	1.0	-4.5	0.2	0.2	DonniciEtal2011,VacchiEtal2016
OZD-608	45.43	12.33	4704	232	0.0	-5.3	0.6	0.6	SerandreiBarberoEtal2001,VacchiEtal2016
OZF-487	45.47	12.41	1713	123	0.0	-1.3900000000000001	1.2	1.2	McClennenHousley2006,VacchiEtal2016
OZF-486	45.47	12.41	3089	124	0.0	-2.37	1.2	1.2	McClennenHousley2006,VacchiEtal2016
OZF-484	45.47	12.41	4087	322	0.0	-1.9500000000000002	1.2	1.2	McClennenHousley2006,VacchiEtal2016
OZF-083	45.43	12.45	6352	294	1.0	-3.85	0.2719967830692121	0.2719967830692121	SerandreiBarberoEtal2005,VacchiEtal2016
OZF-080	45.43	12.45	5717	177	0.0	-3.01	0.6	0.6	DonniciEtal2012,SerandreiBarberoEtal2005,VacchiEtal2016
OZE699	45.47	12.41	5058	193	0.0	-1.7999999999999998	0.65	0.65	ZoppiEtal2001,SerandreiBarberoEtal1997,VacchiEtal2016
Trincardi_2011_02	45.53	13.14	9407	261	1.0	-21.35	0.5	0.5	TrincardiEtal2011,VacchiEtal2016
Trincardi_2011_01	45.52	13.13	9857	299	1.0	-23.54	0.5	0.5	TrincardiEtal2011,VacchiEtal2016
OZE696	45.47	12.41	2858	149	0.0	-1.0000000000000002	0.65	0.65	ZoppiEtal2001,SerandreiBarberoEtal1997,VacchiEtal2016
OZ-G317	45.49	12.35	1716	165	0.0	-0.25	1.1	1.1	SerandreiBarberoEtal2006,VacchiEtal2016
OZE698	45.47	12.41	4528	199	0.0	-2.17	0.67	0.67	ZoppiEtal2001,SerandreiBarberoEtal1997,VacchiEtal2016
OZ-G311	45.48	12.33	472	140	0.0	-0.8500000000000001	0.6	0.6	SerandreiBarberoEtal2006,VacchiEtal2016
OZG-333	45.35	12.32	2014	166	0.0	-0.6799999999999999	1.0	1.0	SerandreiBarberoEtal2006,VacchiEtal2016
Beta-157974	45.58	12.47	3323	282	0.0	-3.4	0.58	0.58	BondesanEtal2002,AntonioliEtal2009,VacchiEtal2016
OxA-8630	45.47	12.41	5614	116	1.0	-3.5999999999999996	0.2	0.2	ZoppiEtal2001,VacchiEtal2016
OxA-8629	45.47	12.41	1829	101	0.0	-0.9000000000000001	0.65	0.65	ZoppiEtal2001,SerandreiBarberoEtal1997,VacchiEtal2016
OxA-6784	45.47	12.41	1693	132	0.0	-0.5999999999999999	0.65	0.65	ZoppiEtal2001,SerandreiBarberoEtal1997,VacchiEtal2016
OxA-10881	45.47	12.41	1114	132	0.0	-1.9700000000000002	1.2	1.2	McClennenHousley2006,VacchiEtal2016
OxA-10767	45.47	12.41	1158	134	0.0	-1.17	1.2	1.2	McClennenHousley2006,VacchiEtal2016
OxA-10766	45.47	12.41	2921	148	0.0	-2.11	1.2	1.2	McClennenHousley2006,VacchiEtal2016
McClennen_1997_01	45.43	12.34	5517	212	0.0	-3.5999999999999996	1.2	1.2	McClennenEtal1997,VacchiEtal2016
OxA-10765	45.47	12.41	2638	138	0.0	-1.6600000000000001	1.2	1.2	McClennenHousley2006,VacchiEtal2016
OxA-10748	45.47	12.41	2199	130	0.0	-2.07	1.2	1.2	McClennenHousley2006,VacchiEtal2016
OxA-10722	45.47	12.41	1455	84	0.0	-0.74	1.2	1.2	McClennenHousley2006,VacchiEtal2016
OxA-10717	45.47	12.41	805	100	0.0	-1.5899999999999999	1.2	1.2	McClennenHousley2006,VacchiEtal2016
OxA-10716	45.47	12.41	947	113	0.0	-1.2600000000000002	1.2	1.2	McClennenHousley2006,VacchiEtal2016
OZG-805	45.35	12.32	276	164	0.0	-0.7	0.6	0.6	SerandreiBarberoEtal2006,VacchiEtal2016
Marocco_1991_01	45.7	13.2	311	289	1.0	-0.3	0.3	0.3	Marocco1991,VacchiEtal2016
OxA-1076	45.47	12.41	4249	152	0.0	-0.9700000000000002	1.2	1.2	McClennenHousley2006,VacchiEtal2016
OZE697	45.47	12.41	4438	197	0.0	-2.17	0.67	0.67	ZoppiEtal2001,SerandreiBarberoEtal1997,VacchiEtal2016
