OZE-739	37.89	12.45	410	88	-1.0	-1.53	0.3	0.3	BassoEtal2008,VacchiEtal2016
OZE-613	37.89	12.45	2894	213	0.0	-1.05	0.6	0.6	BassoEtal2008,VacchiEtal2016
OZE-612	37.89	12.45	2562	208	0.0	-0.42000000000000004	0.6	0.6	BassoEtal2008,VacchiEtal2016
OZE-611	37.87	12.48	792	188	0.0	-0.15000000000000002	0.6	0.6	BassoEtal2008,VacchiEtal2016
OZE-610	37.84	12.45	301	186	0.0	-0.09999999999999998	0.6	0.6	BassoEtal2008,VacchiEtal2016
OZE-609	37.87	12.45	1099	182	0.0	-0.06999999999999995	0.6	0.6	BassoEtal2008,VacchiEtal2016
Antonioli_1994_01	38.11	13.53	9711	395	1.0	-25.0	0.2	0.2	AntonioliEtal1994,LambeckEtal2004a,VacchiEtal2016
Basso_2008_01	37.87	12.48	2600	100	1.0	-0.15	0.2	0.2	BassoEtal2008,VacchiEtal2016
R-2580	38.21	13.28	365	179	0.0	-0.35000000000000003	0.3	0.3	AntonioliEtal1999,AntonioliEtal2002,VacchiEtal2016
R-2741	38.17	12.71	172	159	0.0	-0.25	0.3	0.3	AntonioliEtal1999,AntonioliEtal2002,VacchiEtal2016
R-2742	38.17	12.71	172	159	0.0	-0.25	0.3	0.3	AntonioliEtal1999,AntonioliEtal2002,VacchiEtal2016
6810-Utrecht	37.94	12.08	10499	302	-1.0	-27.0	0.5	0.5	AntonioliEtal2002,LambeckEtal2011,VacchiEtal2016
OZE-608	37.86	12.47	1437	196	-1.0	-1.1	0.3	0.3	BassoEtal2008,VacchiEtal2016
R-2764	38.11	12.71	188	178	0.0	-0.25	0.3	0.3	AntonioliEtal1999,AntonioliEtal2002,VacchiEtal2016
