Beta-83730	55.81	-6.34	1421	260	0.0	2.13	0.39	0.39	DawsonEtal1998,ShennanEtal2018
Beta-83731	55.81	-6.34	1218	246	0.0	2.0	0.39	0.39	DawsonEtal1998,ShennanEtal2018
Beta-83732	55.81	-6.34	9890	318	0.0	-1.07	0.39	0.39	DawsonEtal1998,ShennanEtal2018
Beta-81151	55.81	-6.34	11531	341	0.0	-0.76	0.39	0.39	DawsonEtal1998,ShennanEtal2018
Beta-81150	55.81	-6.34	10551	299	0.0	-0.94	0.39	0.39	DawsonEtal1998,ShennanEtal2018
Beta-83733	55.81	-6.34	10210	361	0.0	-1.38	0.39	0.39	DawsonEtal1998,ShennanEtal2018
Beta-81149	55.81	-6.34	10774	378	0.0	-1.0	0.39	0.39	DawsonEtal1998,ShennanEtal2018
Beta-81148	55.81	-6.34	10337	304	0.0	-0.21	0.39	0.39	DawsonEtal1998,ShennanEtal2018
Beta-81147	55.81	-6.34	1709	274	0.0	2.52	0.39	0.39	DawsonEtal1998,ShennanEtal2018
Beta-81146	55.81	-6.34	1989	301	0.0	2.67	0.39	0.39	DawsonEtal1998,ShennanEtal2018
