T-10860	76.567	16.735	7337	262	0.0	9.0	2.0	2.0	ZiajaSalvigsen1995,FormanEtal2004
T-10859	76.582	16.812	7323	195	0.0	8.5	2.0	2.0	ZiajaSalvigsen1995,FormanEtal2004
T-9005	76.7523	15.9776	9835	266	1.0	-1.0	0.5	0.5	SalvigsenElgersma1993
T-9008	76.7507	16.0272	8236	142	0.0	1.7	1.0	1.0	SalvigsenElgersma1993
T-9006	76.8003	15.8354	5022	173	0.0	1.0	1.0	1.0	SalvigsenElgersma1993
Sorkapp_Land-1	76.7969	15.9531	12900	600	1.0	37.8	1.0	1.0	SalvigsenElgersma1993
T-9010	76.776	15.9197	10965	418	0.0	10.9	1.0	1.0	SalvigsenElgersma1993
T-9012	76.7475	16.0662	10649	417	0.0	6.2	1.0	1.0	SalvigsenElgersma1993
T-9015	76.8644	15.5928	6449	256	0.0	3.0	1.0	1.0	SalvigsenElgersma1993
T-9017	76.8667	15.5286	265	206	0.0	2.5	1.0	1.0	SalvigsenElgersma1993
T-9019	76.802	15.8226	3589	223	0.0	-0.2	1.0	1.0	SalvigsenElgersma1993
T-10861	76.566	16.583	2985	267	0.0	1.0	2.0	2.0	ZiajaSalvigsen1995,FormanEtal2004
Ua-1450	76.9162	15.6931	12669	346	-1.0	30.0	0.5	0.5	SalvigsenElgersma1993
U-619	77.0	15.542	995	180	0.0	4.5	2.0	2.0	BirkenmajerOlsson1970,FormanEtal2004
U-665	77.0	15.558	10590	387	0.0	6.5	2.0	2.0	BirkenmajerOlsson1970,FormanEtal2004
Ua-1451	76.9433	15.9061	12032	468	-1.0	32.0	0.5	0.5	SalvigsenElgersma1993
Ua-1449	76.7969	15.9531	12855	290	-1.0	36.0	0.5	0.5	SalvigsenElgersma1993
U-703	77.0	15.558	10198	455	0.0	7.0	2.0	2.0	BirkenmajerOlsson1970,FormanEtal2004
Gd-6583	76.589	16.837	7461	357	0.0	8.5	2.0	2.0	WojcikZiaja1993,ZiajaSalvigsen1995,FormanEtal2004
U-2048	77.0	15.542	686	192	0.0	4.5	2.0	2.0	BirkenmajerOlsson1970,FormanEtal2004
U-2079	77.0	15.558	10125	537	0.0	4.5	2.0	2.0	BirkenmajerOlsson1970,FormanEtal2004
U-2130	77.0	15.558	10897	677	0.0	7.0	2.0	2.0	BirkenmajerOlsson1970,FormanEtal2004
U-682	77.0	15.483	7647	235	0.0	7.0	2.0	2.0	BirkenmajerOlsson1970,FormanEtal2004
T-9002	76.793	15.9445	11531	381	0.0	16.5	1.0	1.0	SalvigsenElgersma1993
