Beta-89705	58.45	-3.12	8590	345	1.0	-3.76	0.93	0.93	DawsonSmith1997,ShennanEtal2018
Beta-89708	58.45	-3.13	8255	259	1.0	-2.16	0.93	0.93	DawsonSmith1997,ShennanEtal2018
Beta-89711	58.45	-3.11	9425	346	1.0	-6.75	0.93	0.93	DawsonSmith1997,ShennanEtal2018
Beta-81152	58.45	-3.11	7674	235	0.0	-4.6	0.21	0.21	DawsonSmith1997,ShennanEtal2018
Beta-81155	58.45	-3.12	7920	250	0.0	-2.51	0.21	0.21	DawsonSmith1997,ShennanEtal2018
Beta-81154	58.45	-3.12	2139	375	0.0	-0.08	0.21	0.21	DawsonSmith1997,ShennanEtal2018
Beta-81156	58.45	-3.13	7703	225	0.0	-0.35	0.21	0.21	DawsonSmith1997,ShennanEtal2018
Beta-81157	58.45	-3.12	6819	320	0.0	-0.67	0.21	0.21	DawsonSmith1997,ShennanEtal2018
Beta-81159	58.45	-3.13	5010	313	0.0	0.02	0.7	0.7	DawsonSmith1997,ShennanEtal2018
Beta-81160	58.45	-3.13	921	225	0.0	0.95	0.21	0.21	DawsonSmith1997,ShennanEtal2018
Beta-81161	58.45	-3.13	1415	254	0.0	0.58	0.21	0.21	DawsonSmith1997,ShennanEtal2018
Beta-81163	58.45	-3.12	2166	345	0.0	-0.42	0.21	0.21	DawsonSmith1997,ShennanEtal2018
Beta-81153	58.45	-3.12	1025	252	0.0	0.23	0.21	0.21	DawsonSmith1997,ShennanEtal2018
Beta-81162	58.45	-3.13	1043	234	0.0	0.36	0.21	0.21	DawsonSmith1997,ShennanEtal2018
