LuS-7272	83.41248	-25.58845	43872	3771	-1.0	17.0	3.4000000000000004	3.4000000000000004	FunderEtal2011
LuS-7721	83.64385	-30.9755	7114	139	-1.0	10.0	2.4000000000000004	2.4000000000000004	FunderEtal2011
K-3407	83.667	-30.633	8758	335	-1.0	18.0	3.6	3.6	Funder1982
K-3406	83.65	-33.517	8956	403	-1.0	20.0	4.0	4.0	Funder1982
LuS-7273	83.40837	-25.68902	10056	317	-1.0	30.0	6.0	6.0	FunderEtal2011
LuS-7720	83.65048	-31.11172	7305	115	-1.0	7.0	1.8	1.8	FunderEtal2011
K-3288	83.6	-31.967	9394	385	-1.0	35.0	7.0	7.0	Funder1982
K-3287	83.65	-33.517	9457	407	-1.0	32.0	6.4	6.4	Funder1982
LuS-7990	83.64913	-31.00782	156	138	-1.0	2.0	1.0	1.0	FunderEtal2011
LuS-7051	83.6019	-32.00162	8772	269	-1.0	4.6	1.0	1.0	MollerEtal2010,FunderEtal2011
LuS-7052	83.61667	-30.51728	7404	203	-1.0	8.0	1.6	1.6	FunderEtal2011
LuS-7053	83.62248	-30.55827	9789	289	-1.0	12.0	2.4000000000000004	2.4000000000000004	FunderEtal2011
LuS-7481	83.64903	-33.27585	7092	248	-1.0	2.0	1.0	1.0	FunderEtal2011
LuS-7054	83.62197	-30.51458	7146	236	-1.0	6.0	1.2000000000000002	1.2000000000000002	FunderEtal2011
LuS-7059	83.6019	-32.00162	9746	284	-1.0	4.6	1.0	1.0	MollerEtal2010,FunderEtal2011
LuS-7270	83.39893	-25.5221	8537	281	-1.0	10.0	2.0	2.0	FunderEtal2011
K-3405	83.65	-33.517	8774	378	-1.0	8.0	1.6	1.6	Funder1982
LuS-7060	83.62205	-30.51335	7413	108	1.0	8.0	1.6	1.6	FunderEtal2011
LuS-7989	83.64523	-30.93852	1792	134	-1.0	-1.0	1.0	1.0	FunderEtal2011
AAR-11915	83.6435	-31.39783	43768	1190	-1.0	23.0	4.6000000000000005	4.6000000000000005	FunderEtal2011
LuS-7988	83.64523	-30.93852	5877	119	-1.0	4.0	1.2000000000000002	1.2000000000000002	FunderEtal2011
LuS-7994	83.65685	-31.25128	3314	128	-1.0	2.0	1.0	1.0	FunderEtal2011
LuS-7725	83.64935	-31.0146	7885	106	-1.0	3.0	1.0	1.0	FunderEtal2011
LuS-7724	83.6454	-30.97107	5804	121	-1.0	3.0	1.0	1.0	FunderEtal2011
LuS-7474	83.5954	-32.02757	10209	297	-1.0	30.0	6.0	6.0	MollerEtal2010,FunderEtal2011
LuS-7475	83.63597	-32.87472	8264	237	-1.0	2.0	1.0	1.0	FunderEtal2011
LuS-7476	83.59975	-32.11957	9332	248	-1.0	22.5	4.5	4.5	MollerEtal2010,FunderEtal2011
LuS-7995	83.6524	-31.1165	2552	172	-1.0	-1.0	1.0	1.0	FunderEtal2011
LuS-7987	83.64833	-30.95953	156	145	-1.0	-2.0	1.0	1.0	FunderEtal2011
LuS-7477	83.59975	-32.11957	10079	309	-1.0	22.5	4.5	4.5	MollerEtal2010,FunderEtal2011
LuS-9067	83.5954	-31.1144	9437	287	-1.0	39.2	7.840000000000001	7.840000000000001	MollerEtal2010,FunderEtal2011
LuS-7478	83.59265	-32.02757	10233	305	-1.0	25.0	5.0	5.0	MollerEtal2010,FunderEtal2011
LuS-7479	83.59265	-32.02757	9770	314	-1.0	25.0	5.0	5.0	MollerEtal2010,FunderEtal2011
LuS-7480	83.64903	-33.27585	7256	234	-1.0	2.0	1.0	1.0	FunderEtal2011
AAR-11914	83.64298	-31.4818	9775	280	-1.0	23.0	4.6000000000000005	4.6000000000000005	FunderEtal2011
LuS-7726	83.65023	-31.06473	159	149	-1.0	-2.0	1.0	1.0	FunderEtal2011
AAR-11913	83.64755	-31.48855	9828	303	-1.0	1.0	1.0	1.0	FunderEtal2011
AAR-11916	83.64385	-30.9755	8221	210	-1.0	12.0	2.4000000000000004	2.4000000000000004	FunderEtal2011
LuS-7993	83.65445	-31.3701	1217	99	-1.0	-2.0	1.0	1.0	FunderEtal2011
LuS-7279	83.57213	-32.0286	7733	111	1.0	4.0	1.0	1.0	FunderEtal2011
LuS-7280	83.57213	-32.0286	8893	298	-1.0	1.0	1.0	1.0	FunderEtal2011
LuS-7281	83.53443	-28.74228	8477	260	-1.0	4.0	1.0	1.0	FunderEtal2011
LuS-7991	83.6541	-31.151	213	203	-1.0	-2.0	1.0	1.0	FunderEtal2011
LuS-7282	83.5496	-29.1033	8916	291	-1.0	8.0	1.6	1.6	FunderEtal2011
AAR-12111	83.52147	-28.35303	7587	204	-1.0	13.0	2.6	2.6	FunderEtal2011
AAR-11923	83.54008	-29.64741	4441	277	-1.0	2.0	1.0	1.0	FunderEtal2011
AAR-11922	83.62803	-30.68772	9170	248	-1.0	11.0	2.2	2.2	FunderEtal2011
AAR-11921	83.6425	-31.06055	40043	867	-1.0	24.0	4.800000000000001	4.800000000000001	FunderEtal2011
AAR-11920	83.63662	-30.92632	9879	293	-1.0	32.0	6.4	6.4	FunderEtal2011
W-1090	83.6	-30.5	8688	954	-1.0	11.0	2.2	2.2	IvesEtal1964
W-1088	83.6	-30.5	1159	643	-1.0	3.0	1.0	1.0	IvesEtal1964
AAR-11919	83.64603	-31.00147	10352	272	-1.0	23.0	4.6000000000000005	4.6000000000000005	FunderEtal2011
AAR-11918	83.6472	-30.9407	4758	261	-1.0	0.0	1.0	1.0	FunderEtal2011
LuS-7992	83.65468	-31.16228	156	138	-1.0	-2.0	1.0	1.0	FunderEtal2011
AAR-11917	83.64448	-30.94842	8815	261	-1.0	8.0	1.6	1.6	FunderEtal2011
AAR-11912	83.65108	-31.4273	6117	234	-1.0	2.0	1.0	1.0	FunderEtal2011
LuS-7472	83.64537	-33.38433	9746	189	1.0	22.0	4.4	4.4	FunderEtal2011
AAR-11911	83.6509	-31.16435	8734	277	-1.0	18.0	3.6	3.6	FunderEtal2011
LuS-7723	83.6461	-30.92465	4180	184	-1.0	0.0	1.0	1.0	FunderEtal2011
LuS-7283	83.55695	-29.25638	6483	229	-1.0	2.0	1.0	1.0	FunderEtal2011
AAR-11135	83.44288	-27.91167	7301	120	-1.0	14.0	3.2	3.2	FunderEtal2011
AAR-11905	83.41203	-25.63628	9900	289	-1.0	26.0	5.2	5.2	FunderEtal2011
AAR-11906	83.42318	-25.82528	9327	229	-1.0	25.0	5.0	5.0	FunderEtal2011
LuS-7284	83.56493	-29.44367	6850	256	-1.0	4.0	1.0	1.0	FunderEtal2011
LuS-7469	83.58128	-32.21093	10294	345	1.0	106.8	10.0	10.0	MollerEtal2010,FunderEtal2011
LuS-7471	83.53597	-32.17235	5132	175	1.0	18.7	3.74	3.74	MollerEtal2010,FunderEtal2011
LuS-7727	83.65587	-31.21442	3749	143	-1.0	5.0	1.4000000000000001	1.4000000000000001	FunderEtal2011
LuS-7728	83.65375	-31.34205	3245	138	-1.0	-1.0	1.0	1.0	FunderEtal2011
AAR-11134	83.63667	-31.52122	600	59	-1.0	-2.0	1.0	1.0	FunderEtal2011
LuS-7722	83.65077	-31.43543	153	135	-1.0	0.0	1.0	1.0	FunderEtal2011
LuS-7797	83.61093	-30.56612	10004	222	1.0	30.0	6.0	6.0	FunderEtal2011
AAR-10242	83.65	-31.05	37955	1433	-1.0	32.0	6.4	6.4	FunderEtal2011
AAR-11136	83.61005	-30.47833	7929	87	-1.0	13.0	3.0	3.0	FunderEtal2011
AAR-11907	83.4403	-25.84162	9916	282	-1.0	13.0	2.6	2.6	FunderEtal2011
AAR-11908	83.43093	-25.97575	10397	257	-1.0	12.0	2.4000000000000004	2.4000000000000004	FunderEtal2011
AAR-11910	83.41677	-25.69437	10101	294	-1.0	24.0	4.800000000000001	4.800000000000001	FunderEtal2011
AAR-11909	83.4223	-25.90527	9849	289	-1.0	27.0	5.4	5.4	FunderEtal2011
