I-13130	56.61	-76.12	6717	368	1.0	170.0	2.5	2.5	AllardSeguin1985
I-13334	56.62	-76.4	5539	209	1.0	185.0	2.5	2.5	AllardSeguin1985
I-13129	56.9	-76.51	6146	222	1.0	170.0	2.5	2.5	AllardSeguin1985
UQ-622	56.9	-76.51	6323	362	1.0	170.0	2.5	2.5	AllardSeguin1985
I-13333	56.62	-76.4	6336	282	1.0	239.0	2.5	2.5	AllardSeguin1985
I-13335	56.61	-76.12	6517	221	1.0	180.0	2.5	2.5	AllardSeguin1985
I-13336	56.61	-76.12	6525	215	1.0	186.0	2.5	2.5	AllardSeguin1985
TO-7593	55.33	-77.61	4964	433	1.0	100.0	2.5	2.5	SaulnierTalbotReinard2001
UQ-547	56.79	-76.34	7308	327	-1.0	180.0	0.4	0.4	AllardSeguin1985
UL-1953	56.79	-76.34	7254	311	-1.0	139.0	0.4	0.4	LajeunesseAllard2003
UQ-545	56.79	-76.34	7211	337	-1.0	120.0	0.4	0.4	LajeunesseAllard2003
UL-1711	56.79	-76.34	7178	307	-1.0	109.0	0.4	0.4	LajeunesseAllard2003
UL-1722	56.79	-76.34	7549	292	-1.0	95.0	0.4	0.4	LajeunesseAllard2003
UL-1928	56.79	-76.34	7146	319	-1.0	146.0	0.4	0.4	LajeunesseAllard2003
UL-1918	56.79	-76.34	7118	353	-1.0	104.0	0.4	0.4	LajeunesseAllard2003
BETA-121551	56.79	-76.34	7094	315	-1.0	146.0	0.4	0.4	LajeunesseAllard2003
TO-7410	56.79	-76.34	7070	310	-1.0	108.0	0.4	0.4	LajeunesseAllard2003
BETA-121552	56.79	-76.34	7041	319	-1.0	100.0	0.4	0.4	LajeunesseAllard2003
UQ-540	56.79	-76.34	6728	357	-1.0	118.0	0.4	0.4	LajeunesseAllard2003
UL-1540	56.79	-76.34	6728	357	-1.0	97.0	0.4	0.4	LajeunesseAllard2003
UL-1710	56.79	-76.34	6649	377	-1.0	110.0	0.4	0.4	LajeunesseAllard2003
TO-7409	56.79	-76.34	6607	314	-1.0	109.0	0.4	0.4	LajeunesseAllard2003
I-13406	56.79	-76.34	6959	208	1.0	180.0	0.4	0.4	LajeunesseAllard2003
I-13131	56.79	-76.34	6641	284	1.0	170.0	0.4	0.4	LajeunesseAllard2003
UL-1556	56.79	-76.34	6546	220	-1.0	51.0	0.4	0.4	LajeunesseAllard2003
UL-1904	56.79	-76.34	5287	291	1.0	98.0	0.4	0.4	LajeunesseAllard2003
UL-1878	56.79	-76.34	4726	269	1.0	136.0	0.4	0.4	LajeunesseAllard2003
UL-1536	56.79	-76.34	483	156	-1.0	4.0	0.4	0.4	LajeunesseAllard2003
UL-1528	56.79	-76.34	472	144	-1.0	4.0	0.4	0.4	LajeunesseAllard2003
UCIAMS-67522	55.27	-77.75	5087	206	1.0	102.8	0.6	0.6	LamarreEtal2012
UCIAMS-67523	55.27	-77.75	5099	228	1.0	102.6	0.6	0.6	LamarreEtal2012
GSC-1287	56.28	-76.5	6575	463	0.0	138.2	2.9	2.9	HillaireMarcel1976
GSC-1725	56.24	-76.47	6584	452	-1.0	153.0	2.5	2.5	HillaireMarcel1976
GSC-1364	56.24	-76.47	6814	447	0.0	152.3	3.4	3.4	HillaireMarcel1976
I-8364	56.24	-76.47	6819	447	-1.0	110.0	2.5	2.5	HillaireMarcel1976
GSC-1261	56.27	-76.5	7014	420	0.0	170.2	2.9	2.9	HillaireMarcel1976
GSC-1238	56.24	-76.47	7310	363	-1.0	175.0	2.5	2.5	HillaireMarcel1976
Qu-1210	55.58	-77.3	223	206	1.0	9.1	0.6	0.6	AllardTremblay1983a,AllardTremblay1983b
Qu-1201	55.58	-77.3	238	220	1.0	9.1	0.6	0.6	AllardTremblay1983a,AllardTremblay1983b
Qu-1064	55.58	-77.3	288	267	0.0	11.6	4.1	4.1	AllardTremblay1983a,AllardTremblay1983b
GSC-2074	55.58	-77.3	1541	357	0.0	20.3	4.2	4.2	WalcottCraig1975
GSC-2129	55.58	-77.3	1811	341	0.0	27.3	4.3	4.3	LowdonBlake1980
GSC-2348	55.58	-77.3	2708	370	0.0	42.3	4.6	4.6	LowdonBlake1980
GSC-2070	55.58	-77.3	3386	428	0.0	56.3	4.7	4.7	AllardTremblay1983a,AllardTremblay1983b
TO-8909	55.33	-77.62	6961	284	0.0	149.5	2.1	2.1	Cayer2003
TO-7594	55.33	-77.62	5324	242	-1.0	100.0	2.6	2.6	SaulnierTalbotReinard2001
QU-1108	55.41	-77.64	206	189	1.0	7.6	1.0	1.0	AllardTremblay1983a,AllardTremblay1983b
QU-1107	55.36	-77.62	696	132	1.0	8.5	1.0	1.0	AllardTremblay1983a,AllardTremblay1983b
QU-1081	55.36	-77.62	143	143	0.0	11.5	4.1	4.1	AllardTremblay1983a,AllardTremblay1983b
QU-1106	55.36	-77.62	834	296	0.0	15.6	4.1	4.1	AllardTremblay1983a,AllardTremblay1983b
QU-1105	55.36	-77.62	991	306	0.0	17.1	4.1	4.1	LavoieEtal2012
QU-1104	55.36	-77.62	1067	314	0.0	18.7	4.2	4.2	AllardTremblay1983a,AllardTremblay1983b
QU-1102	55.36	-77.62	1349	352	0.0	22.0	4.2	4.2	AllardTremblay1983a,AllardTremblay1983b
QU-1100	55.36	-77.62	1357	357	0.0	25.6	4.3	4.3	AllardTremblay1983a,AllardTremblay1983b
QU-1103	55.36	-77.62	1385	350	0.0	20.2	4.2	4.2	AllardTremblay1983a,AllardTremblay1983b
QU-1098	55.36	-77.62	1597	360	0.0	28.2	4.3	4.3	AllardTremblay1983a,AllardTremblay1983b
QU-1101	55.36	-77.62	1632	359	0.0	24.9	4.3	4.3	AllardTremblay1983a,AllardTremblay1983b
QU-1099	55.36	-77.62	1822	394	0.0	27.2	4.3	4.3	AllardTremblay1983a,AllardTremblay1983b
QU-1097	55.36	-77.62	1864	398	0.0	30.0	4.4	4.4	AllardTremblay1983a,AllardTremblay1983b
QU-1299	55.63	-77.13	490	164	1.0	4.7	0.6	0.6	AllardTremblay1983a,AllardTremblay1983b
QU-1298	55.63	-77.13	194	194	0.0	3.0	4.0	4.0	AllardTremblay1983a,AllardTremblay1983b
QU-1292	55.63	-77.13	991	306	-1.0	8.0	0.6	0.6	AllardTremblay1983a,AllardTremblay1983b
QU-1297	55.63	-77.13	1849	524	1.0	50.0	2.5	2.5	AllardTremblay1983a,AllardTremblay1983b
QU-1295	55.63	-77.13	1795	378	0.0	29.8	4.4	4.4	AllardTremblay1983a,AllardTremblay1983b
QU-1296	55.63	-77.13	1910	377	0.0	30.3	4.4	4.4	AllardTremblay1983a,AllardTremblay1983b
QU-1288	55.63	-77.13	2325	391	0.0	32.6	4.4	4.4	AllardTremblay1983a,AllardTremblay1983b
QU-1290	55.63	-77.13	3100	374	0.0	50.6	4.8	4.8	AllardTremblay1983a,AllardTremblay1983b
QU-1294	55.63	-77.13	4082	423	-1.0	65.0	2.5	2.5	AllardTremblay1983a,AllardTremblay1983b
QU-1206	55.47	-77.5	213	195	1.0	5.5	0.6	0.6	AllardTremblay1983a,AllardTremblay1983b
QU-1209	55.47	-77.5	233	216	1.0	4.8	0.6	0.6	AllardTremblay1983a,AllardTremblay1983b
QU-1208	55.47	-77.5	226	208	1.0	6.8	0.6	0.6	AllardTremblay1983a,AllardTremblay1983b
QU-1205	55.47	-77.5	341	181	1.0	6.3	0.6	0.6	AllardTremblay1983a,AllardTremblay1983b
QU-1207	55.47	-77.5	400	207	1.0	8.9	0.6	0.6	AllardTremblay1983a,AllardTremblay1983b
QU-1084	55.47	-77.5	728	511	-1.0	15.2	0.8	0.8	AllardTremblay1983a,AllardTremblay1983b
QU-1087	55.47	-77.5	1160	852	0.0	19.7	4.2	4.2	AllardTremblay1983a,AllardTremblay1983b
QU-1085	55.47	-77.5	2065	866	-1.0	10.4	0.6	0.6	AllardTremblay1983a,AllardTremblay1983b
QU-1083	55.47	-77.5	2243	426	-1.0	15.2	0.8	0.8	AllardTremblay1983a,AllardTremblay1983b
QU-1082	55.47	-77.5	2759	948	-1.0	19.2	1.0	1.0	AllardTremblay1983a,AllardTremblay1983b
GSC-27	55.98	-76.75	5407	435	-1.0	47.0	2.4	2.4	HillaireMarcel1976
GSC-595	55.98	-76.75	6618	388	-1.0	94.0	2.5	2.5	LowdonEtal1967
GIF-1567	55.28	-77.74	3530	419	1.0	62.0	2.5	2.5	Plumet1974
GSC-2432	55.28	-77.74	5222	228	1.0	90.0	2.5	2.5	LowdonBlake1980
I-11730	55.28	-77.78	2451	262	1.0	30.0	1.5	1.5	FilionEtal1991
I-8367	55.28	-77.78	2693	253	1.0	38.0	1.9	1.9	HillaireMarcel1976
UQ-863	56.53	-76.18	5707	851	-1.0	95.0	1.5	1.5	AllardSeguin1985
BETA-183295	56.19	-75.83	7071	309	-1.0	135.0	2.5	2.5	LavoieEtal2012
BETA-183296	56.19	-75.83	7100	295	-1.0	145.0	2.5	2.5	LavoieEtal2012
UL-2720	56.19	-75.83	7352	340	-1.0	156.0	0.6	0.6	LavoieEtal2012
GSC-5755	56.56	-76.48	7313	270	0.0	205.0	3.1	3.1	McNeely2006
BETA-44775	57.12	-76.38	7862	230	1.0	210.0	2.5	2.5	GajewskiGarralla1992
BETA-28169	57.47	-76.68	1055	128	1.0	30.4	1.6	1.6	FilionEtal1991
BETA-28177	57.58	-76.82	1742	172	1.0	20.4	1.1	1.1	FilionEtal1991
UL-1202	57.6	-76.25	6377	392	-1.0	140.4	2.5	2.5	FilionEtal1991
UL-1237	57.6	-76.25	5657	248	1.0	112.4	2.5	2.5	FilionEtal1991
