K-3499	55.21	11.08	8171	203	-1.0	-8.5	1.118033988749895	1.118033988749895	ChristensenEtal1997,RosentauEtal2021
K-3572	55.33	11.0	8007	286	1.0	-7.0	1.118033988749895	1.118033988749895	ChristensenEtal1997,RosentauEtal2021
K-3573	55.33	11.0	8171	203	1.0	-7.0	1.118033988749895	1.118033988749895	ChristensenEtal1997,RosentauEtal2021
K-5012	55.46	11.17	8996	365	1.0	-11.5	1.118033988749895	1.118033988749895	ChristensenEtal1997,RosentauEtal2021
K-5309	55.35	11.11	6771	265	-1.0	-2.1	1.118033988749895	1.118033988749895	ChristensenEtal1997,RosentauEtal2021
K-5310	55.35	11.11	6225	222	-1.0	-1.7	1.118033988749895	1.118033988749895	ChristensenEtal1997,RosentauEtal2021
K-3571	55.33	11.0	7933	231	1.0	-6.9	1.118033988749895	1.118033988749895	ChristensenEtal1997,RosentauEtal2021
AAR-5141	55.54	10.83	10489	206	-1.0	-34.1	1.118033988749895	1.118033988749895	BennikeEtal2004,RosentauEtal2021
Ua-2286	55.48	10.77	8232	160	1.0	-8.7	1.118033988749895	1.118033988749895	ChristensenEtal1997,RosentauEtal2021
WG-2575	55.68	11.23	6472	153	-1.0	0.0	1.118033988749895	1.118033988749895	Hede2003,RosentauEtal2021
AAR-1830	55.39	11.2	8073	122	1.0	-6.0	1.118033988749895	1.118033988749895	ChristensenEtal1997,RosentauEtal2021
AAR-3316	55.68	11.23	5774	151	0.0	-1.0	1.2247448713915892	1.2247448713915892	Hede2003,RosentauEtal2021
AAR-3317	55.68	11.23	5771	149	0.0	-0.1	1.2247448713915892	1.2247448713915892	Hede2003,RosentauEtal2021
AAR-3318	55.68	11.23	6103	162	-1.0	-0.2	1.118033988749895	1.118033988749895	Hede2003,RosentauEtal2021
AAR-3782	55.68	11.23	7047	183	1.0	-0.2	1.118033988749895	1.118033988749895	Hede2003,RosentauEtal2021
AAR-5133	55.69	10.76	7711	219	-1.0	-5.9	1.118033988749895	1.118033988749895	BennikeEtal2004,RosentauEtal2021
AAR-5134	55.54	10.82	9855	276	-1.0	-31.9	1.118033988749895	1.118033988749895	BennikeEtal2004,RosentauEtal2021
AAR-5135	55.54	10.82	10253	273	-1.0	-32.2	1.118033988749895	1.118033988749895	BennikeEtal2004,RosentauEtal2021
AAR-5136	55.54	10.82	10302	251	-1.0	-32.7	1.118033988749895	1.118033988749895	BennikeEtal2004,RosentauEtal2021
AAR-5136-2	55.54	10.82	10336	301	-1.0	-32.7	1.118033988749895	1.118033988749895	BennikeEtal2004,RosentauEtal2021
AAR-5137	55.54	10.82	11960	497	-1.0	-35.6	1.118033988749895	1.118033988749895	BennikeEtal2004,RosentauEtal2021
AAR-5138	55.54	10.83	10477	198	-1.0	-29.5	1.118033988749895	1.118033988749895	BennikeEtal2004,RosentauEtal2021
AAR-5139	55.54	10.83	10521	204	-1.0	-33.5	1.118033988749895	1.118033988749895	BennikeEtal2004,RosentauEtal2021
AAR-5140	55.54	10.83	10458	193	-1.0	-33.9	1.118033988749895	1.118033988749895	BennikeEtal2004,RosentauEtal2021
K-5311	55.35	11.11	7422	177	1.0	-2.0	1.118033988749895	1.118033988749895	ChristensenEtal1997,RosentauEtal2021
AAR-6714	55.19	11.27	11926	488	-1.0	-32.4	1.118033988749895	1.118033988749895	BennikeEtal2004,RosentauEtal2021
AAR-6715	55.19	11.27	13040	169	-1.0	-33.5	1.118033988749895	1.118033988749895	BennikeEtal2004,RosentauEtal2021
AAR-6716	55.19	11.02	10025	224	-1.0	-25.0	1.118033988749895	1.118033988749895	BennikeEtal2004,RosentauEtal2021
AAR-6717	55.41	10.96	8150	220	-1.0	-26.1	1.118033988749895	1.118033988749895	BennikeEtal2004,RosentauEtal2021
AAR-6718	55.41	10.96	9855	280	-1.0	-27.1	1.118033988749895	1.118033988749895	BennikeEtal2004,RosentauEtal2021
AAR-6719	55.41	10.96	10893	273	-1.0	-27.9	1.118033988749895	1.118033988749895	BennikeEtal2004,RosentauEtal2021
AAR-6720	55.41	10.96	10485	211	-1.0	-27.5	1.118033988749895	1.118033988749895	BennikeEtal2004,RosentauEtal2021
AAR-8783	55.68	11.23	7423	136	1.0	-0.8	1.118033988749895	1.118033988749895	Hede2003,RosentauEtal2021
Ua-2413	55.35	11.01	7729	277	-1.0	-16.5	1.118033988749895	1.118033988749895	ChristensenEtal1997,RosentauEtal2021
Ua-2411	55.48	10.9	11825	542	1.0	-33.8	1.118033988749895	1.118033988749895	ChristensenEtal1997,RosentauEtal2021
Ua-2410	55.48	10.9	10648	394	1.0	-31.9	1.118033988749895	1.118033988749895	ChristensenEtal1997,RosentauEtal2021
Ua-2407	55.66	10.74	10970	495	1.0	-36.2	1.118033988749895	1.118033988749895	ChristensenEtal1997,RosentauEtal2021
Ua-2287	55.48	10.77	8228	159	1.0	-8.7	1.118033988749895	1.118033988749895	ChristensenEtal1997,RosentauEtal2021
K-2382	55.39	11.25	7623	253	-1.0	-9.0	1.118033988749895	1.118033988749895	Petersen1978,RosentauEtal2021
K-5312	55.35	11.11	6666	246	1.0	-9.0	1.118033988749895	1.118033988749895	ChristensenEtal1997,RosentauEtal2021
K-6544	55.35	11.11	7698	199	1.0	-4.0	1.118033988749895	1.118033988749895	ChristensenEtal1997,RosentauEtal2021
K-6534	55.19	11.28	7218	199	1.0	-2.3	1.118033988749895	1.118033988749895	ChristensenEtal1997,RosentauEtal2021
K-6549	55.35	11.11	7710	214	1.0	-4.0	1.118033988749895	1.118033988749895	ChristensenEtal1997,RosentauEtal2021
K-5916	55.4	11.18	8291	237	1.0	-8.7	1.118033988749895	1.118033988749895	ChristensenEtal1997,RosentauEtal2021
K-6545	55.35	11.11	7731	203	1.0	-4.0	1.118033988749895	1.118033988749895	ChristensenEtal1997,RosentauEtal2021
K-6543	55.35	11.11	7757	199	1.0	-4.0	1.118033988749895	1.118033988749895	ChristensenEtal1997,RosentauEtal2021
K-6380	55.44	11.16	8434	193	1.0	-8.2	1.118033988749895	1.118033988749895	ChristensenEtal1997,RosentauEtal2021
K-6379	55.41	11.09	8209	169	1.0	-8.2	1.118033988749895	1.118033988749895	ChristensenEtal1997,RosentauEtal2021
K-5753	55.48	10.87	10311	368	1.0	-29.7	1.118033988749895	1.118033988749895	ChristensenEtal1997,RosentauEtal2021
K-5617	55.33	10.98	8164	210	1.0	-6.3	1.118033988749895	1.118033988749895	ChristensenEtal1997,RosentauEtal2021
K-5616	55.35	11.11	8138	216	1.0	-4.1	1.118033988749895	1.118033988749895	ChristensenEtal1997,RosentauEtal2021
K-5598	55.35	11.11	7426	146	1.0	-1.5	1.118033988749895	1.118033988749895	ChristensenEtal1997,RosentauEtal2021
K-5589	55.32	10.94	8041	265	1.0	-9.3	1.118033988749895	1.118033988749895	ChristensenEtal1997,RosentauEtal2021
K-5914	55.48	10.87	10044	398	1.0	-29.7	1.118033988749895	1.118033988749895	ChristensenEtal1997,RosentauEtal2021
K-922	55.37	10.91	10164	372	1.0	-29.5	1.118033988749895	1.118033988749895	Krog1979,RosentauEtal2021
K-592	55.4	10.93	9647	539	1.0	-29.7	1.118033988749895	1.118033988749895	ChristensenEtal1997,RosentauEtal2021
K-6374	55.47	10.75	8418	170	1.0	-11.0	1.118033988749895	1.118033988749895	ChristensenEtal1997,RosentauEtal2021
K-5915	55.4	11.17	8215	201	1.0	-7.8	1.118033988749895	1.118033988749895	ChristensenEtal1997,RosentauEtal2021
K-5588	55.34	11.0	7595	195	1.0	-13.6	1.118033988749895	1.118033988749895	ChristensenEtal1997,RosentauEtal2021
K-6029	55.41	11.07	8710	289	1.0	-10.0	1.118033988749895	1.118033988749895	ChristensenEtal1997,RosentauEtal2021
K-926	55.37	10.91	10641	426	1.0	-29.6	1.118033988749895	1.118033988749895	ChristensenEtal1997,RosentauEtal2021
K-942	55.37	10.91	11156	439	1.0	-29.8	1.118033988749895	1.118033988749895	ChristensenEtal1997,RosentauEtal2021
Ki-736.08	55.38	10.95	8930	545	-1.0	-27.4	0.7071067811865476	0.7071067811865476	WinnEtal1986,RosentauEtal2021
Ki-736.14	55.38	10.95	9303	559	1.0	-27.7	0.7071067811865476	0.7071067811865476	WinnEtal1986,RosentauEtal2021
K-593	55.4	10.93	9589	460	1.0	-29.6	1.118033988749895	1.118033988749895	ChristensenEtal1997,RosentauEtal2021
