LuS-8459	66.935	-53.602	8385	140	0.0	39.8	0.5	0.5	BennikeEtal2011,LongEtal2011
KIA-35511	66.981	-53.691	10788	330	-1.0	98.4	0.5	0.5	BennikeEtal2011,LongEtal2011
LuS-8460	66.981	-53.691	9446	101	0.0	98.4	0.5	0.5	BennikeEtal2011,LongEtal2011
LuS-8461	66.979	-53.709	10457	186	0.0	94.9	0.5	0.5	BennikeEtal2011,LongEtal2011
LuS-8462	66.957	-53.707	10116	177	0.0	129.9	0.5	0.5	BennikeEtal2011,LongEtal2011
LuS-8783	66.948	-53.666	5081	201	0.0	18.4	0.5	0.5	BennikeEtal2011,LongEtal2011
KIA-35509	66.981	-53.691	9080	364	0.0	98.4	0.5	0.5	BennikeEtal2011,LongEtal2011
KIA-35510	66.981	-53.691	9740	406	0.0	98.4	0.5	0.5	BennikeEtal2011,LongEtal2011
KIA-35512	66.979	-53.709	10225	246	0.0	94.9	0.5	0.5	BennikeEtal2011,LongEtal2011
I-5417	67.033	-53.8	8475	411	0.0	9.7	3.0	3.0	Weidick1972a
UW-242	66.983	-53.2	6887	331	-1.0	8.0	1.6	1.6	Weidick1973
I-6428	67.1	-53.35	5188	352	-1.0	7.0	1.4000000000000001	1.4000000000000001	Weidick1973
