Poz-52917	58.89	22.67	5790	118	1.0	18.535	0.3043024810940588	0.3043024810940588	VassiljevEtal2015,RosentauEtal2021
TA-523	58.91	22.2	995	61	1.0	27.2	0.3043024810940588	0.3043024810940588	Sarv1981,RosentauEtal2021
Hela-843	58.9	22.21	6336	110	1.0	26.45	1.3829316685939332	1.3829316685939332	KriiskaEtal2005,RosentauEtal2021
Hiiumaa-09	58.9	22.64	10300	200	0.0	47.3	0.58309518948453	0.58309518948453	RosentauEtal2020,RosentauEtal2021
TA-524	58.91	22.2	2543	174	1.0	26.55	0.3043024810940588	0.3043024810940588	Sarv1981,RosentauEtal2021
TA-525	58.91	22.2	5059	206	1.0	26.1	0.3043024810940588	0.3043024810940588	Sarv1981,RosentauEtal2021
TA-526	58.91	22.2	5591	219	1.0	25.35	0.3043024810940588	0.3043024810940588	Sarv1981,RosentauEtal2021
Poz-52916	58.89	22.67	5966	159	1.0	18.585	0.3043024810940588	0.3043024810940588	VassiljevEtal2015,RosentauEtal2021
TA-29	58.9	22.62	3535	474	1.0	14.24	0.3043024810940588	0.3043024810940588	LiivaEtal1966,RosentauEtal2021
Hiiumaa-06	58.9	22.23	3805	220	0.0	14.4	0.5106858133921481	0.5106858133921481	RosentauEtal2020,RosentauEtal2021
Hiiumaa-08	58.9	22.64	7400	300	0.0	25.9	0.58309518948453	0.58309518948453	RosentauEtal2020,RosentauEtal2021
TA-2533	58.9	22.22	7528	92	1.0	28.0	1.7262676501632068	1.7262676501632068	KriiskaLougas1999,RosentauEtal2021
Hiiumaa-05	58.9	22.22	6355	310	0.0	22.3	0.5106858133921481	0.5106858133921481	RosentauEtal2020,RosentauEtal2021
Hiiumaa-04	58.9	22.22	5785	220	0.0	20.79	0.5106858133921481	0.5106858133921481	RosentauEtal2020,RosentauEtal2021
Hiiumaa-03	58.9	22.22	4835	290	0.0	16.54	0.5106858133921481	0.5106858133921481	RosentauEtal2020,RosentauEtal2021
Hiiumaa-01	58.9	22.21	9815	560	0.0	28.68	0.5106858133921481	0.5106858133921481	RosentauEtal2020,RosentauEtal2021
TA-1493	58.9	22.21	6115	177	1.0	26.45	1.3829316685939332	1.3829316685939332	KriiskaLougas1999,RosentauEtal2021
KIA-54045	58.89	22.22	5086	188	1.0	18.4	1.6278820596099708	1.6278820596099708	RosentauEtal2020,RosentauEtal2021
Poz-52922	58.86	22.54	3121	250	-1.0	12.615	0.3043024810940588	0.3043024810940588	VassiljevEtal2015,RosentauEtal2021
Poz-52921	58.86	22.54	5145	158	-1.0	12.72	0.3043024810940588	0.3043024810940588	VassiljevEtal2015,RosentauEtal2021
Poz-52920	58.86	22.54	5112	179	-1.0	12.88	0.3043024810940588	0.3043024810940588	VassiljevEtal2015,RosentauEtal2021
Poz-52918	58.89	22.67	6397	85	-1.0	18.445	0.3043024810940588	0.3043024810940588	VassiljevEtal2015,RosentauEtal2021
KIA-54040	58.9	22.2	6380	66	1.0	27.5	0.9013878188659973	0.9013878188659973	RosentauEtal2020,RosentauEtal2021
Hiiumaa-02	58.9	22.21	9925	470	0.0	28.4	0.5106858133921481	0.5106858133921481	RosentauEtal2020,RosentauEtal2021
TA-527	58.91	22.2	7468	110	1.0	25.05	0.3043024810940588	0.3043024810940588	Sarv1981,RosentauEtal2021
Tln-1873	58.9	22.21	6404	99	1.0	26.45	1.3829316685939332	1.3829316685939332	KriiskaLougas1999,RosentauEtal2021
Poz-52915	58.73	22.62	901	84	1.0	6.63	0.3043024810940588	0.3043024810940588	VassiljevEtal2015,RosentauEtal2021
TA-529	58.91	22.2	8720	250	-1.0	24.6	0.3043024810940588	0.3043024810940588	Sarv1981,RosentauEtal2021
TA-530	58.91	22.2	9139	284	-1.0	24.05	0.3043024810940588	0.3043024810940588	Sarv1981,RosentauEtal2021
Tln-1898	58.9	22.21	6235	224	1.0	26.45	1.3829316685939332	1.3829316685939332	KriiskaLougas1999,RosentauEtal2021
Tln-1901	58.9	22.21	6496	165	1.0	26.45	1.3829316685939332	1.3829316685939332	KriiskaLougas1999,Kriiska2002,RosentauEtal2021
Beta-521279	58.91	22.2	8196	131	1.0	24.82	0.3043024810940588	0.3043024810940588	RosentauEtal2020,RosentauEtal2021
Tln-1871	58.9	22.21	6131	160	1.0	26.45	1.3829316685939332	1.3829316685939332	KriiskaLougas1999,RosentauEtal2021
Beta-521280	58.91	22.2	6859	93	1.0	25.14	0.3043024810940588	0.3043024810940588	RosentauEtal2020,RosentauEtal2021
Poz-50758	58.73	22.62	1448	73	1.0	6.59	0.3043024810940588	0.3043024810940588	VassiljevEtal2015,RosentauEtal2021
Ta-2686	58.9	22.21	6235	228	1.0	26.45	1.3829316685939332	1.3829316685939332	Kriiska2002,RosentauEtal2021
Ua-12070	58.91	22.2	9486	183	-1.0	24.36	0.30413812651491096	0.30413812651491096	KonigssonEtal1998,RosentauEtal2021
Ua-12071	58.91	22.2	7702	167	1.0	24.82	0.30413812651491096	0.30413812651491096	KonigssonEtal1998,RosentauEtal2021
Ua-12072	58.91	22.2	5305	245	1.0	25.85	0.30413812651491096	0.30413812651491096	KonigssonEtal1998,RosentauEtal2021
Ua-12073	58.91	22.2	2922	151	1.0	26.89	0.30413812651491096	0.30413812651491096	KonigssonEtal1998,RosentauEtal2021
Poz-50760	58.89	22.67	1177	94	-1.0	18.05	0.3043024810940588	0.3043024810940588	VassiljevEtal2015,RosentauEtal2021
Poz-50761	58.86	22.54	1062	117	-1.0	12.815	0.3043024810940588	0.3043024810940588	VassiljevEtal2015,RosentauEtal2021
Poz-50759	58.73	22.62	1394	82	-1.0	6.5	0.3043024810940588	0.3043024810940588	VassiljevEtal2015,RosentauEtal2021
Poz-52914	58.73	22.62	1366	50	-1.0	6.34	0.3043024810940588	0.3043024810940588	VassiljevEtal2015,RosentauEtal2021
Tln-2016	58.9	22.22	7606	79	1.0	28.0	1.7262676501632068	1.7262676501632068	KriiskaLougas1999,RosentauEtal2021
Tln-2024	58.91	22.22	7082	157	1.0	28.0	1.4317821063276353	1.4317821063276353	KriiskaLougas1999,RosentauEtal2021
Le-5452	58.9	22.21	6391	86	1.0	26.45	1.3829316685939332	1.3829316685939332	Kriiska2002,RosentauEtal2021
Poz-52913	58.73	22.62	1505	82	-1.0	5.84	0.3043024810940588	0.3043024810940588	VassiljevEtal2015,RosentauEtal2021
TA-528	58.91	22.2	8227	152	-1.0	24.75	0.3043024810940588	0.3043024810940588	Sarv1981,RosentauEtal2021
Poz-50763	58.89	22.67	5881	111	-1.0	17.715	0.3043024810940588	0.3043024810940588	VassiljevEtal2015,RosentauEtal2021
