K-2572	75.917	-21.967	8603	374	-1.0	8.0	1.6	1.6	Weidick1977
Lu-1289	75.717	-19.667	9851	323	-1.0	22.0	4.4	4.4	Hakansson1978,Hjort1979,Hjort1981
K-2573	75.883	-21.867	8950	403	-1.0	9.0	1.8	1.8	Weidick1977
Ua-3353	75.341	-20.063	8438	159	1.0	65.0	10.0	10.0	BjorckEtal1994a
Lu-1741	75.317	-20.05	8254	264	1.0	16.0	3.2	3.2	Hakansson1981
Lu-3516	75.311	-20.03	10484	342	-1.0	20.0	4.0	4.0	BjorckEtal1994a
Lu-1745	75.317	-20.05	2413	375	1.0	16.0	3.2	3.2	Hakansson1981
Ua-3356	75.311	-20.03	7829	354	-1.0	22.0	4.4	4.4	BjorckEtal1994a
Lu-1303	75.25	-20.917	9532	341	-1.0	25.0	5.0	5.0	Hakansson1978,Hjort1979,Hjort1981
Lu-1300-1	75.283	-19.467	10205	359	-1.0	13.0	2.6	2.6	Hakansson1978,Hjort1979,Hjort1981
AAR-1193	75.311	-20.03	6833	307	1.0	22.0	4.4	4.4	BjorckEtal1994a
Lu-1744	75.317	-20.05	4040	489	1.0	16.0	3.2	3.2	Hakansson1981
Lu-1743	75.317	-20.05	5167	412	1.0	16.0	3.2	3.2	Hakansson1981
Lu-1746	75.317	-19.667	13454	314	1.0	87.5	12.5	12.5	Hakansson1981
Lu-1390	75.217	-20.667	9055	331	-1.0	40.0	8.0	8.0	Hakansson1978,Hjort1979,Hjort1981
Lu-1386	75.317	-19.417	10105	369	-1.0	30.0	6.0	6.0	Hakansson1978,Hjort1979,Hjort1981
Ua-2787	75.146	-19.77	11326	416	-1.0	50.0	10.0	10.0	BjorckEtal1994a
Lu-1742	75.317	-20.05	5926	348	1.0	16.0	3.2	3.2	Hakansson1981
Lu-1389	75.333	-18.917	10062	366	-1.0	41.0	8.2	8.2	Hakansson1978,Hjort1979,Hjort1981
Lu-1384	75.167	-19.85	10693	386	-1.0	30.0	6.0	6.0	Hakansson1978,Hjort1979,Hjort1981
