Birm-415	54.94	-4.42	7390	302	0.0	2.78	0.41	0.41	Jardine1982,Jardine1975,ShennanEtal2018
Beta-83746	54.9	-4.46	4511	346	0.0	5.23	0.21	0.21	SmithEtal2002,ShennanEtal2018
Beta-83747	54.9	-4.45	4044	337	0.0	4.97	0.21	0.21	SmithEtal2002,ShennanEtal2018
Beta-83748	54.92	-4.41	4207	336	0.0	4.59	0.21	0.21	SmithEtal2002,ShennanEtal2018
Beta-83749	54.93	-4.4	4474	354	0.0	4.94	0.21	0.21	SmithEtal2002,ShennanEtal2018
Beta-83750	54.91	-4.45	4522	312	0.0	4.98	0.21	0.21	SmithEtal2002,ShennanEtal2018
Beta-100914	54.93	-4.4	8704	294	0.0	-0.35	0.41	0.41	SmithEtal2002,ShennanEtal2018
Beta-100915	54.93	-4.4	8731	343	0.0	1.81	0.21	0.21	SmithEtal2002,ShennanEtal2018
Birm-189	54.94	-4.42	7075	540	0.0	2.53	0.41	0.41	Jardine1982,Jardine1975,ShottonWilliams1971,ShennanEtal2018
SUERC-75536	54.88	-4.96	7714	202	0.0	5.17	0.21	0.21	SmithEtal2020,ShennanEtal2018
Beta-100916	54.93	-4.4	8068	275	0.0	2.26	0.21	0.21	SmithEtal2002,ShennanEtal2018
Beta-96327	54.94	-4.42	9206	326	0.0	-5.15	0.21	0.21	SmithEtal2002,ShennanEtal2018
Beta-96326	54.94	-4.42	9090	366	0.0	-4.73	0.21	0.21	SmithEtal2002,ShennanEtal2018
Beta-96325	54.93	-4.4	9692	395	0.0	-4.51	0.21	0.21	SmithEtal2002,ShennanEtal2018
Beta-96324	54.93	-4.4	9342	287	0.0	-2.72	0.21	0.21	SmithEtal2002,ShennanEtal2018
Beta-96323	54.91	-4.46	9712	401	0.0	-1.17	0.21	0.21	SmithEtal2002,ShennanEtal2018
Beta-96322	54.93	-4.45	7323	258	0.0	4.86	0.21	0.21	SmithEtal2002,ShennanEtal2018
Beta-96321	54.93	-4.45	6615	290	0.0	5.49	0.21	0.21	SmithEtal2002,ShennanEtal2018
Beta-96320	54.93	-4.45	5816	351	0.0	5.16	0.21	0.21	SmithEtal2002,ShennanEtal2018
SUERC-75532	54.88	-4.96	6935	263	0.0	5.49	0.21	0.21	SmithEtal2020,ShennanEtal2018
Beta-100917	54.93	-4.4	8483	741	0.0	2.96	0.21	0.21	SmithEtal2002,ShennanEtal2018
Beta-83751	54.92	-4.41	4927	376	0.0	4.21	0.21	0.21	SmithEtal2002,ShennanEtal2018
Beta-100919	54.93	-4.4	7666	289	0.0	3.16	0.21	0.21	SmithEtal2002,ShennanEtal2018
SUERC-42708	54.93	-4.4	8855	285	0.0	-0.71	0.98	0.98	LawrenceEtal2016,ShennanEtal2018
Beta-120962	54.89	-4.44	3775	316	0.0	3.96	0.21	0.21	SmithEtal2002,ShennanEtal2018
SUERC-44398	54.93	-4.4	8165	211	0.0	1.67	0.98	0.98	LawrenceEtal2016,ShennanEtal2018
SUERC-42709	54.93	-4.4	8791	276	0.0	-0.66	0.98	0.98	LawrenceEtal2016,ShennanEtal2018
SUERC-42711	54.93	-4.4	8233	192	0.0	1.87	0.98	0.98	LawrenceEtal2016,ShennanEtal2018
SUERC-42712	54.93	-4.4	7928	218	0.0	2.55	0.98	0.98	LawrenceEtal2016,ShennanEtal2018
SUERC-44399	54.93	-4.4	7937	227	0.0	2.55	0.98	0.98	LawrenceEtal2016,ShennanEtal2018
SUERC-44369	54.93	-4.4	8854	282	0.0	-0.66	0.98	0.98	LawrenceEtal2016,ShennanEtal2018
SUERC-44385	54.93	-4.4	8854	279	0.0	-0.66	0.98	0.98	LawrenceEtal2016,ShennanEtal2018
SUERC-44386	54.93	-4.4	8289	228	0.0	1.6	0.98	0.98	LawrenceEtal2016,ShennanEtal2018
SUERC-44387	54.93	-4.4	8708	284	0.0	-0.65	0.98	0.98	LawrenceEtal2016,ShennanEtal2018
Beta-100918	54.93	-4.4	8038	309	0.0	3.49	0.21	0.21	SmithEtal2002,ShennanEtal2018
SUERC-44397	54.93	-4.4	8199	196	0.0	1.67	0.98	0.98	LawrenceEtal2016,ShennanEtal2018
Beta-84189	54.9	-4.46	3205	289	0.0	5.6	0.21	0.21	SmithEtal2002,ShennanEtal2018
SUERC-44371	54.93	-4.4	8210	189	0.0	1.87	0.98	0.98	LawrenceEtal2016,ShennanEtal2018
SUERC-44400	54.93	-4.4	7901	236	0.0	2.46	0.98	0.98	LawrenceEtal2016,ShennanEtal2018
Beta-120961	54.89	-4.45	3667	290	0.0	4.44	0.21	0.21	SmithEtal2002,ShennanEtal2018
SUERC-38782	54.87	-4.95	8749	268	0.0	1.65	0.21	0.21	SmithEtal2020,ShennanEtal2018
SRR-26	54.93	-4.41	5407	305	0.0	4.07	0.41	0.41	Jardine1982,Jardine1975,ShennanEtal2018
SUERC-44407	54.93	-4.4	7742	209	0.0	2.8	0.21	0.21	LawrenceEtal2016,ShennanEtal2018
SUERC-44406	54.93	-4.4	7804	185	0.0	2.8	0.21	0.21	LawrenceEtal2016,ShennanEtal2018
SUERC-38789	54.87	-4.88	4413	366	0.0	3.91	0.21	0.21	SmithEtal2020,ShennanEtal2018
SUERC-44405	54.93	-4.4	7946	219	0.0	2.42	0.98	0.98	LawrenceEtal2016,ShennanEtal2018
SUERC-44834	54.87	-4.89	3790	281	1.0	4.7	0.7	0.7	SmithEtal2020,ShennanEtal2018
SUERC-39067	54.88	-4.92	2386	318	0.0	2.76	0.21	0.21	SmithEtal2020,ShennanEtal2018
Beta-92209	54.93	-4.4	10633	308	-1.0	-9.77	0.21	0.21	SmithEtal2002,ShennanEtal2018
Beta-431217	54.87	-4.95	7972	214	0.0	5.79	0.21	0.21	SmithEtal2020,ShennanEtal2018
Beta-105932	54.94	-4.42	6972	283	0.0	4.66	0.21	0.21	SmithEtal2002,ShennanEtal2018
SUERC-75531	54.88	-4.96	5273	298	0.0	5.43	0.21	0.21	SmithEtal2020,ShennanEtal2018
SUERC-38784	54.87	-4.95	884	193	0.0	4.79	0.21	0.21	SmithEtal2020,ShennanEtal2018
SUERC-38783	54.87	-4.95	8081	231	0.0	3.84	0.21	0.21	SmithEtal2020,ShennanEtal2018
SUERC-38788	54.87	-4.88	8222	191	0.0	1.47	0.21	0.21	SmithEtal2020,ShennanEtal2018
Beta-431218	54.87	-4.95	6456	218	0.0	6.3	0.21	0.21	SmithEtal2020,ShennanEtal2018
