GX-6490	44.32	-64.21	7978	561	0.0	-27.0	1.5	1.5	ScottMedioli1982
GX-11342	44.64	-63.34	3441	390	0.0	-6.5	1.5	1.5	ShawEtal1993
GX-11344	44.64	-63.34	1353	338	-1.0	-3.7	1.5	1.5	ShawEtal1993
GX-12249	44.64	-63.34	234	213	-1.0	-2.5	1.5	1.5	ShawEtal1993
GX-12250	44.64	-63.34	1023	383	-1.0	-3.9	1.5	1.5	ShawEtal1993
GX-12251	44.64	-63.34	937	442	-1.0	-4.2	1.5	1.5	ShawEtal1993
GX-19448	44.64	-63.55	8651	616	0.0	-26.9	1.5	1.5	EdgecombeEtal1999
GX-13974	44.65	-62.95	9799	372	-1.0	-43.3	1.5	1.5	ShawEtal1993
RIDDL-1077	44.65	-62.95	6314	313	-1.0	-28.9	1.5	1.5	ShawEtal1993
RIDDL-1078	44.65	-62.95	4089	409	-1.0	-18.8	1.5	1.5	ShawEtal1993
RIDDL-1079	44.65	-62.95	7446	282	-1.0	-31.7	2.1	2.1	ShawEtal1993
RIDDL-1080	44.65	-62.95	7536	251	-1.0	-32.8	2.1	2.1	ShawEtal1993
RIDDL-1081	44.65	-62.95	7932	318	-1.0	-42.0	1.5	1.5	ShawEtal1993
RIDDL-1082	44.65	-62.95	12186	400	-1.0	-44.9	1.5	1.5	ShawEtal1993
GX-13973	44.66	-63.13	10017	1057	1.0	-19.9	1.5	1.5	ShawEtal1993
BETA-19587	44.68	-63.12	7669	155	-1.0	-30.0	1.6	1.6	ShawEtal1993
GX-13972	44.68	-63.12	8298	244	0.0	-34.5	1.5	1.5	ShawEtal1993
GX-6806	44.69	-63.63	6713	518	0.0	-21.4	1.1	1.1	MillerEtal1982
GX-8605	44.69	-63.63	8879	1251	1.0	-21.0	1.1	1.0	MillerEtal1982
BETA-51312	44.73	-63.26	1180	224	-1.0	-3.3	0.7	0.7	ShawEtal1993
GX-4652	44.73	-63.26	1924	363	-1.0	-5.0	0.7	0.7	ShawEtal1993
TO-3172	44.73	-63.26	188	177	-1.0	-2.4	0.7	0.7	ShawEtal1993
GX-18454	44.74	-63.26	2835	423	0.0	-6.2	0.5	0.4	ScottEtal1995
GX-18455	44.74	-63.26	4291	447	0.0	-11.3	0.5	0.4	ScottEtal1995
GX-18459	44.74	-63.26	4271	498	0.0	-9.9	0.5	0.4	ScottEtal1995
GX-19314	44.74	-63.26	4313	188	0.0	-10.3	0.5	0.4	ScottEtal1995
GX-19316	44.74	-63.26	4152	203	0.0	-9.7	0.5	0.4	ScottEtal1995
GX-4542	44.74	-63.26	11018	670	1.0	12.5	0.5	0.5	ScottEtal1995
GX-5708	44.74	-63.26	3889	531	0.0	-8.2	0.6	0.6	ScottEtal1995
GX-18458	44.74	-63.26	1658	267	0.0	-3.3	0.6	0.6	ScottEtal1995
AA-47203	44.74	-63.26	150	115	0.0	-0.8	0.4	0.4	GehrelsEtal2005
AA-47204	44.74	-63.26	433	92	0.0	-0.9	0.4	0.4	GehrelsEtal2005
AA-47205	44.74	-63.26	406	85	0.0	-1.0	0.4	0.4	GehrelsEtal2005
AA-47206	44.74	-63.26	414	84	0.0	-1.1	0.4	0.4	GehrelsEtal2005
AA-47207	44.74	-63.26	400	82	0.0	-1.2	0.4	0.4	GehrelsEtal2005
AA-47208	44.74	-63.26	572	58	0.0	-1.3	0.4	0.4	GehrelsEtal2005
AA-47209	44.74	-63.26	573	57	0.0	-1.4	0.4	0.4	GehrelsEtal2005
AA-47210	44.74	-63.26	604	52	0.0	-1.5	0.4	0.4	GehrelsEtal2005
AA-47211	44.74	-63.26	740	51	0.0	-1.6	0.4	0.4	GehrelsEtal2005
AA-47212	44.74	-63.26	802	99	0.0	-1.7	0.4	0.4	GehrelsEtal2005
AA-47213	44.74	-63.26	886	76	0.0	-1.8	0.4	0.4	GehrelsEtal2005
AA-47214	44.74	-63.26	994	69	0.0	-1.9	0.4	0.4	GehrelsEtal2005
AA-47215	44.74	-63.26	1008	63	0.0	-2.0	0.4	0.4	GehrelsEtal2005
AA-47216	44.74	-63.26	410	89	0.0	-0.9	0.4	0.4	GehrelsEtal2004
AA-47218	44.74	-63.26	793	100	0.0	-1.5	0.4	0.4	GehrelsEtal2004
AA-47219	44.74	-63.26	873	81	0.0	-1.6	0.5	0.5	GehrelsEtal2004
AA-47220	44.74	-63.26	885	76	0.0	-2.0	0.5	0.5	GehrelsEtal2004
GSC-2128	44.19	-64.44	4700	139	1.0	-14.0	2.1	2.1	Blake1988
