GRN-30128	53.227	6.724	11996	709	1.0	-4.45	0.22	0.22	MeijlesEtal2018,WoldringEtal2005
GRN-7565	53.378	6.035	10474	180	1.0	-9.89	0.22	0.22	MeijlesEtal2018,Griede1978
GRN-17869	53.19	6.945	9354	191	1.0	-2.7	0.54	0.54	MeijlesEtal2018
GRN-32801	53.226	6.653	9217	197	1.0	-5.95	0.54	0.54	MeijlesEtal2018
GRA-2424	53.25	4.79	8268	145	1.0	-17.09	1.02	1.02	MeijlesEtal2018
GRA-2423	53.25	4.79	8178	154	0.0	-17.09	1.02	1.02	MeijlesEtal2018
GRN-23923	53.372	6.784	8165	149	1.0	-10.32	0.22	0.22	MeijlesEtal2018,KidenVos2012
GRN-23931	53.446	6.717	7988	40	0.0	-16.08	0.22	0.22	MeijlesEtal2018
GRN-18285	53.427	5.722	7908	102	0.0	-13.54	1.02	1.02	MeijlesEtal2018,vanderSpek1994
GRN-18286	53.427	5.722	7846	119	0.0	-13.59	1.02	1.02	MeijlesEtal2018,vanderSpek1994
GRN-23922	53.446	6.745	7816	109	0.0	-14.25	0.22	0.22	MeijlesEtal2018,KidenVos2012
GRN-7568	53.308	5.785	7800	119	1.0	-6.38	0.22	0.22	MeijlesEtal2018,Griede1978
GRN-21613	53.3	6.508	7770	78	0.0	-12.19	0.22	0.22	MeijlesEtal2018,KidenVos2012
GRN-21610	53.299	6.469	7594	85	0.0	-10.34	0.22	0.22	MeijlesEtal2018,KidenVos2012
GRN-621	53.319	6.941	7285	293	1.0	-6.19	0.22	0.22	MeijlesEtal2018,Jelgersma1961
GRN-606	53.382	5.966	7119	306	1.0	-6.63	0.22	0.22	MeijlesEtal2018,Jelgersma1961
GRN-23928	53.329	6.841	7132	114	0.0	-8.45	0.23	0.23	MeijlesEtal2018
GRN-8398	53.324	6.018	6957	195	1.0	-2.69	0.73	0.73	MeijlesEtal2018
GRA-58275	53.254	6.389	6966	166	1.0	-1.78	0.22	0.22	MeijlesEtal2018
GRN-7562	53.29	5.86	6723	111	1.0	-3.42	0.23	0.23	MeijlesEtal2018,Griede1978
GRN-7641	53.327	6.161	6616	114	0.0	-7.03	0.22	0.22	MeijlesEtal2018,Griede1978
GRN-32146	53.23	6.661	6115	151	1.0	-2.64	0.54	0.54	MeijlesEtal2018
GRN-17934	53.275	6.656	6062	138	0.0	-5.08	0.54	0.54	MeijlesEtal2018,WoldringEtal2005
GRN-637	53.319	6.941	5970	320	0.0	-5.02	0.23	0.23	MeijlesEtal2018,Jelgersma1961
GRN-6738	53.244	6.627	5779	149	1.0	-3.85	0.55	0.55	MeijlesEtal2018
GRN-1091	53.178	7.093	5765	159	0.0	-4.21	0.22	0.22	MeijlesEtal2018,Jelgersma1961
GRN-26214	53.31	6.528	5753	152	1.0	-3.87	0.23	0.23	MeijlesEtal2018
GRN-18021	53.234	6.736	5695	212	1.0	-2.33	0.54	0.54	MeijlesEtal2018,WoldringEtal2005
GRN-17980	53.218	6.506	5603	260	1.0	-3.3	0.54	0.54	MeijlesEtal2018
GRN-7644	53.257	5.77	5468	120	0.0	-4.29	0.23	0.23	MeijlesEtal2018,Griede1978
GRN-24506	53.308	5.889	5252	324	0.0	-3.66	0.22	0.22	MeijlesEtal2018
GRN-1088	53.178	7.093	4948	293	0.0	-3.0	0.23	0.23	MeijlesEtal2018,Jelgersma1961
GRN-17981	53.218	6.515	4630	204	1.0	-2.3	0.54	0.54	MeijlesEtal2018
GRN-11969	53.303	6.975	4233	133	1.0	-1.87	0.35	0.35	MeijlesEtal2018,Bakker1992
GRN-1090	53.178	7.093	3555	144	0.0	-1.9	0.23	0.23	MeijlesEtal2018,Jelgersma1961
GRN-1089	53.178	7.093	3093	215	1.0	-0.92	0.22	0.22	MeijlesEtal2018,Jelgersma1961
GRN-6989	53.272	4.961	2919	137	0.0	-1.16	0.22	0.22	MeijlesEtal2018,DeJong1984
GRN-17891	53.209	6.889	2907	142	0.0	-1.3	0.54	0.54	MeijlesEtal2018
GRN-10248	53.286	4.99	2450	253	0.0	-0.96	0.54	0.54	MeijlesEtal2018,DeJong1984
GRN-7258	53.393	5.259	1540	143	0.0	-0.11	0.54	0.54	MeijlesEtal2018,DeJong1984
GRN-7260	53.395	5.252	1442	95	1.0	0.88	0.54	0.54	MeijlesEtal2018,DeJong1984
GRN-17208	53.308	5.068	1438	79	0.0	0.18	0.22	0.22	MeijlesEtal2018,DeGrootEtal1996
GRN-9424	53.309	5.068	1401	77	0.0	-0.06	0.54	0.54	MeijlesEtal2018,DeJong1984
GRN-17592	53.404	5.361	1220	75	0.0	0.21	0.23	0.23	MeijlesEtal2018,DeGrootEtal1996
GRN-17597	53.368	5.234	1178	107	0.0	0.53	0.22	0.22	MeijlesEtal2018,DeGrootEtal1996
GRN-17594	53.403	5.362	807	105	0.0	0.54	0.28	0.35	MeijlesEtal2018,DeGrootEtal1996
GRN-7265	53.376	5.262	620	56	0.0	-0.12	0.54	0.58	MeijlesEtal2018,DeJong1984
GRN-16935	53.478	6.139	571	55	1.0	1.04	0.23	0.23	MeijlesEtal2018,DeGrootEtal1996
GRN-17004	53.487	6.153	485	160	1.0	1.63	0.23	0.23	MeijlesEtal2018,DeGrootEtal1996
GRN-16022	53.449	5.838	418	86	1.0	1.24	0.22	0.22	MeijlesEtal2018,DeGrootEtal1996
GRN-17212	53.282	5.023	303	143	1.0	1.09	0.22	0.22	MeijlesEtal2018,DeGrootEtal1996
