Furlani_2013_03	35.83	14.54	1000	400	1.0	-0.54	0.2	0.2	FurlaniEtal2013,VacchiEtal2016
POZ-42682	35.93	14.41	3986	104		-4.5	0.2	0.2	MarrinerEtal2012,VacchiEtal2016
POZ-42444	35.93	14.41	6950	140	0.0	-8.2	1.0	1.0	MarrinerEtal2012,VacchiEtal2016
POZ-42443	35.93	14.41	4234	125		-6.5	0.2	0.2	MarrinerEtal2012,VacchiEtal2016
POZ-42441	35.93	14.41	6160	130	0.0	-7.0	1.0	1.0	MarrinerEtal2012,VacchiEtal2016
POZ-42439	35.93	14.41	7542	98	0.0	-11.1	1.0	1.0	MarrinerEtal2012,VacchiEtal2016
POZ-17906	36.8	15.09	5021	195	0.0	-5.9	1.1	1.1	SpampinatoEtal2011,VacchiEtal2016
POZ-17907	36.8	15.09	4631	179	0.0	-4.4	1.1	1.1	SpampinatoEtal2011,VacchiEtal2016
LoPresti_2014_01	36.9	15.14	667	200	1.0	-0.37	0.2	0.2	LoPrestiEtal2014,VacchiEtal2016
SACA-11669	35.93	14.41	7411	73	0.0	-9.6	0.5	0.5	MarrinerEtal2012,VacchiEtal2016
SACA-11665	35.93	14.41	5649	166		-7.5	0.2	0.2	MarrinerEtal2012,VacchiEtal2016
SACA-11663	35.93	14.41	5256	182	d	-6.5	0.2	0.2	MarrinerEtal2012,VacchiEtal2016
SACA-11658	35.93	14.41	1557	130	1.0	-0.2	0.2	0.2	MarrinerEtal2012,VacchiEtal2016
LTL4903A	36.7	15.1	2878	155	0.0	-1.8399999999999999	1.1	1.1	GerardiEtal2012,VacchiEtal2016
Furlani_2013_02	35.83	14.53	3200	600	1.0	-0.1	0.2	0.2	FurlaniEtal2013,VacchiEtal2016
Furlani_2013_01	35.9	14.5	2000	200	1.0	-0.84	0.2	0.2	FurlaniEtal2013,VacchiEtal2016
LTL4889A	36.7	15.1	309	39	0.0	0.74	1.1	1.1	GerardiEtal2012,VacchiEtal2016
LTL4888A	36.7	15.1	4804	207	0.0	-3.1500000000000004	1.1	1.1	GerardiEtal2012,VacchiEtal2016
LTL4887A	36.7	15.1	1516	173	0.0	-0.41999999999999993	1.1	1.1	GerardiEtal2012,VacchiEtal2016
SACA-11668	35.93	14.41	6992	253	0.0	-9.2	0.7	0.7	MarrinerEtal2012,VacchiEtal2016
LTL4285A	36.7	15.11	3942	191	0.0	-2.12	1.1	1.1	GerardiEtal2012,VacchiEtal2016
LTL4284A	36.7	15.11	1338	159	0.0	0.030000000000000027	1.1	1.1	GerardiEtal2012,VacchiEtal2016
LTL4282A	36.7	15.11	1404	145	0.0	0.31000000000000005	1.1	1.1	GerardiEtal2012,VacchiEtal2016
