GSC-4006	50.0	-57.73	11730	455	0.0	51.7	3.3	3.3	Grant1994,VacchiEtal2018
GSC-1763	49.76	-57.82	9170	377	0.0	4.1	2.2	2.2	BrookesStevens1985,VacchiEtal2018
GSC-4281	49.05	-58.37	10146	401	1.0	52.0	2.5	2.5	McNeelyMcCuaig1991,VacchiEtal2018
GSC-2487	49.47	-58.13	13665	376	-1.0	27.0	1.4	1.4	BrookesEtal1985,VacchiEtal2018
GSC-4304	49.99	-57.79	9949	379	0.0	10.4	1.5	1.5	Grant1994,VacchiEtal2018
GSC-4393	50.09	-57.59	14700	360	1.0	100.0	2.5	2.5	McNeelyMcCuaig1991,VacchiEtal2018
GSC-5025	50.06	-57.71	10967	400	-1.0	3.6	0.6	0.6	Grant1994,VacchiEtal2018
GX-9886	49.71	-57.94	9100	622	1.0	1.5	0.3	0.3	BrookesStevens1985,VacchiEtal2018
GSC-3433	49.91	-57.79	9054	515	-1.0	6.0	0.4	0.4	BrookesStevens1985,VacchiEtal2018
T14376	49.86	-57.81	364	172	0.0	0.0	0.4	0.4	DalyEtal2007,VacchiEtal2018
TO-8746	49.86	-57.82	1154	454	0.0	-0.4	0.4	0.4	DalyEtal2007,VacchiEtal2018
TO-8745	49.86	-57.81	1889	460	0.0	0.1	0.4	0.4	DalyEtal2007,VacchiEtal2018
GSC-5026	50.07	-57.7	11865	482	-1.0	8.6	0.6	0.6	Grant1994,VacchiEtal2018
T14374	49.86	-57.81	1238	540	0.0	0.1	0.4	0.4	DalyEtal2007,VacchiEtal2018
GSC-1762	49.99	-57.79	9623	415	0.0	9.2	2.0	2.0	Grant1994,VacchiEtal2018
GSC-1462	49.12	-58.41	13889	586	-1.0	37.1	1.8	1.8	McNeelyBrennan2005,VacchiEtal2018
