S-ANU35812	-42.353	147.959	5324	410	0.0	-0.37	0.424	0.424	Morrison2019
SUERC-29115	-42.342	147.932	267	215		-0.29	0.1	0.1	GehrelsEtal2012,Morrison2019
S-ANU35813	-42.353	147.959	4905	480	0.0	-0.99	0.524	0.524	Morrison2019
S-ANU36312	-42.353	147.959	5610	442	0.0	-1.78	0.324	0.324	Morrison2019
S-ANU36314	-42.353	147.959	4665	504	0.0	-0.621	0.524	0.524	Morrison2019
S-ANU63613	-42.353	147.959	4937	664	0.0	-0.62	0.524	0.524	Morrison2019
S-ANU35810	-42.353	147.959	5057	548	0.0	-0.5	0.424	0.424	Morrison2019
SUERC-28448	-42.342	147.932	6030	247	0.0	-0.34	0.5	0.5	GehrelsEtal2012,Morrison2019
SUERC-28447	-42.342	147.932	4560	280	0.0	-0.4	0.4	0.4	GehrelsEtal2012,Morrison2019
S-ANU_unknown	-42.353	147.959	7363	284	0.0	-1.62	0.424	0.424	Morrison2019
S-ANU35811	-42.353	147.959	6996	454	0.0	-1.01	0.424	0.424	Morrison2019
SUERC-29114	-42.342	147.932	253	215		-0.29	0.1	0.1	GehrelsEtal2012,Morrison2019
