UL-1880	49.83	-64.42	6908	277	1.0	25.0	0.7	0.7	LavoieFilion2001
QU-1282	49.87	-64.4	9478	542	0.0	29.0	3.2	3.2	PainchaudEtal1984
UQ-1036	49.93	-64.37	183	183	-1.0	0.0	0.7	0.7	DuboisEtal1988
UQ-1376	49.93	-64.37	16048	873	-1.0	0.0	0.7	0.7	DuboisEtal1988
QU-1285	49.82	-64.36	4338	466	0.0	4.0	3.2	3.2	PainchaudEtal1984
QU-1277	49.82	-64.35	4209	481	0.0	4.0	3.2	3.2	PainchaudEtal1984
UQ-1082	49.83	-64.29	10820	955	-1.0	49.0	2.6	2.6	DuboisEtal1988
QU-1272	49.84	-64.28	14091	702	-1.0	62.0	2.6	2.6	PainchaudEtal1984
UQ-1063	49.83	-64.26	13030	497	-1.0	61.0	2.6	2.6	DuboisEtal1988
UQ-1006	49.7	-64.09	4543	286	1.0	3.4	0.7	0.7	LavoieFilion2001
UL-1879	49.92	-64.07	7283	248	1.0	25.0	1.4	1.4	LavoieFilion2001
QU-1283	49.74	-64.04	11865	588	-1.0	24.0	1.3	1.3	PainchaudEtal1984
QU-1278	49.76	-64.03	11930	615	0.0	54.0	4.0	4.0	PainchaudEtal1984
QU-1281	49.76	-64.03	11624	633	-1.0	35.0	1.9	1.9	PainchaudEtal1984
QU-1266	49.67	-63.92	10402	644	0.0	29.0	3.4	3.4	PainchaudEtal1984
QU-1267	49.67	-63.92	9983	499	0.0	29.0	3.4	3.4	PainchaudEtal1984
UQ-778	49.67	-63.91	11180	530	-1.0	5.0	0.7	0.7	PainchaudEtal1984
QU-1275	49.74	-63.89	10530	580	0.0	35.0	4.0	4.0	PainchaudEtal1984
UQ-776	49.87	-63.87	10260	695	-1.0	10.0	0.7	0.7	PainchaudEtal1984
QU-1261	49.64	-63.85	10005	490	-1.0	20.0	1.1	1.1	PainchaudEtal1984
UQ-719	49.84	-63.56	9655	421	-1.0	12.0	0.8	0.8	PainchaudEtal1984
QU-1276	49.77	-63.13	10502	554	-1.0	23.0	1.3	1.3	PainchaudEtal1984
UQ-1064	49.73	-62.98	10260	519	-1.0	29.0	1.6	1.6	DuboisEtal1988
UQ-1068	49.73	-62.98	794	336	0.0	2.5	4.5	4.5	DuboisEtal1988
