I-1224	64.52	-100.47	6501	445	-1.0	110.0	2.7	2.7	DyckEtal1966
GSC-1164	64.05	-96.98	6373	331	-1.0	101.0	2.7	2.7	Blake1988
GSC-1083	64.05	-96.97	6445	322	-1.0	96.0	2.7	2.7	Blake1988
GSC-1121	64.04	-96.88	5243	347	-1.0	71.6	2.7	2.7	Blake1988
GSC-299	64.52	-96.05	5914	323	-1.0	90.0	2.7	2.7	DyckEtal1966
GSC-439	63.77	-95.67	6360	321	-1.0	76.0	2.7	2.7	DyckEtal1966
GSC-1016	62.82	-94.8	7084	314	-1.0	122.0	2.7	2.7	LowdonBlake1970
GSC-2042	63.56	-94.07	7037	292	-1.0	120.0	2.7	2.7	AylsworthEtal1981,Blake1986
GSC-289	64.32	-88.48	7339	308	-1.0	126.0	2.7	2.7	DyckEtal1966
GSC-23	64.3	-95.77	1708	84	1.0	10.0	1.4	1.4	DyckFyles1962
BIRM-717	62.88	-92.15	739	172	1.0	15.0	1.4	1.4	Morrison1989
S-1317	62.88	-92.15	640	90	1.0	15.0	1.4	1.4	RutherfordEtal1979
S-427	64.82	-92.0	4618	197	-1.0	44.2	2.4	2.4	RutherfordEtal1973
GSC-1434	62.27	-95.5	7105	363	-1.0	61.0	2.7	2.7	LowdonBlake1979,RidlerShilts1974
GSC-1484	62.27	-95.5	4373	436	-1.0	62.0	2.7	2.7	LowdonBlake1979,RidlerShilts1974
GSC-2634	61.67	-96.55	5834	214	1.0	110.0	2.7	2.7	Blake1983
GSC-5234	61.93	-96.47	8034	140	-1.0	110.0	2.7	2.7	McNeelyAtkinson1995
I(GSC)-8	62.17	-95.68	7501	350	-1.0	64.0	2.7	2.7	WaltonEtal1961
UCIAMS-72787	61.31	-94.45	3998	343	-1.0	40.5	0.6	0.6	SimonEtal2014
UCIAMS-72788	61.31	-94.45	3970	342	-1.0	40.5	0.6	0.6	SimonEtal2014
UCIAMS-72789	61.31	-94.45	4076	334	-1.0	40.5	0.6	0.6	SimonEtal2014
UCIAMS-73105	61.25	-94.13	2807	45	0.0	29.1	2.5	2.5	SimonEtal2014
UCIAMS-73107	61.25	-94.13	2611	111	0.0	28.7	2.5	2.5	SimonEtal2014
UCIAMS-73106	61.25	-94.13	3109	98	0.0	28.7	2.5	2.5	SimonEtal2014
UCIAMS-73108	61.25	-94.13	3208	114	-1.0	29.5	0.6	0.6	SimonEtal2014
UCIAMS-90702	61.25	-94.13	2789	328	-1.0	28.9	0.6	0.6	SimonEtal2014
UCIAMS-92965	61.25	-94.13	1129	52	0.0	13.2	2.5	2.5	SimonEtal2014
UCIAMS-92966	61.25	-94.13	1662	50	0.0	13.2	2.5	2.5	SimonEtal2014
UCIAMS-92968	61.25	-94.13	621	51	1.0	12.7	0.6	0.6	SimonEtal2014
UCIAMS-73110	61.09	-94.05	1255	51	-1.0	10.2	0.6	0.6	SimonEtal2014
UCIAMS-73111	61.09	-94.05	1322	23	-1.0	9.7	0.6	0.6	SimonEtal2014
