ANU-10746	-12.37	128.25	18393	440	0.0	-99.94	7.5	7.5	YokoyamaEtal2000
YAUT-016022	-12.1	128.1	19368	398	0.0	-109.53	7.5	7.5	IshiwaEtal2019
YAUT-010039	-12.09	128.28	25426	343	0.0	-102.4	7.5	7.5	IshiwaEtal2019
YAUT-010038	-12.08	128.17	20626	356	0.0	-108.26	7.5	7.5	IshiwaEtal2019
YAUT-010013	-12.09	128.28	23244	385	0.0	-101.6	7.5	7.5	IshiwaEtal2019
YAUT-008624	-12.1	128.1	18332	392	-1.0	-116.55	1.0	1.0	IshiwaEtal2019
YAUT-008621	-12.1	128.1	17734	399	-1.0	-116.5	1.0	1.0	IshiwaEtal2019
YAUT-008620	-12.1	128.1	17834	391	-1.0	-116.44	1.0	1.0	IshiwaEtal2019
YAUT-008619	-12.09	128.28	21510	474	-1.0	-106.82	1.0	1.0	IshiwaEtal2019
YAUT-021701	-12.1	128.1	18540	310	-1.0	-116.8	1.0	1.0	IshiwaEtal2019
YAUT-004124	-11.99	128.2	20583	414	0.0	-106.59	7.5	7.5	IshiwaEtal2019
YAUT-004122	-11.99	128.2	19885	430	-1.0	-113.71	1.0	1.0	IshiwaEtal2019
YAUT-004121	-11.99	128.2	19467	377	-1.0	-113.66	1.0	1.0	IshiwaEtal2019
YAUT-004120	-11.99	128.2	19184	336	-1.0	-113.61	1.0	1.0	IshiwaEtal2019
YAUT-004006	-13.17	129.27	13413	83	0.0	-60.480000000000004	7.5	7.5	IshiwaEtal2019
YAUT-004005	-13.17	129.27	13210	94	0.0	-60.400000000000006	7.5	7.5	IshiwaEtal2019
YAUT-003905	-13.17	129.27	13034	260	0.0	-60.34	7.5	7.5	IshiwaEtal2019
YAUT-003127	-12.08	128.17	20679	465	0.0	-108.29	7.5	7.5	IshiwaEtal2019
YAUT-003122	-12.08	128.17	19774	411	0.0	-107.54	7.5	7.5	IshiwaEtal2019
YAUT-004123	-11.99	128.2	20260	411	0.0	-106.36	7.5	7.5	IshiwaEtal2019
YAUT-021705	-12.1	128.1	19032	328	0.0	-109.4	7.5	7.5	IshiwaEtal2019
YAUT-021706	-12.1	128.1	19270	354	0.0	-109.49	7.5	7.5	IshiwaEtal2019
YAUT-021707	-12.1	128.1	20295	368	0.0	-111.87	7.5	7.5	IshiwaEtal2019
YAUT-028832	-12.18	128.03	18566	321	0.0	-113.36	7.5	7.5	IshiwaEtal2019
YAUT-028829	-11.99	128.2	20322	367	0.0	-106.68	7.5	7.5	IshiwaEtal2019
YAUT-025127	-12.26	128.41	17366	377	-1.0	-108.57	1.0	1.0	IshiwaEtal2019
YAUT-025125	-12.09	128.28	24497	396	0.0	-102.35	7.5	7.5	IshiwaEtal2019
YAUT-025124	-12.09	128.28	22518	323	0.0	-100.24	7.5	7.5	IshiwaEtal2019
YAUT-025122	-12.08	128.17	19973	369	0.0	-107.69	7.5	7.5	IshiwaEtal2019
YAUT-025121	-12.08	128.17	19576	376	0.0	-107.33	7.5	7.5	IshiwaEtal2019
YAUT-025118	-11.93	128.15	19781	366	-1.0	-111.96	1.0	1.0	IshiwaEtal2019
YAUT-025114	-12.08	128.17	20991	382	0.0	-110.26	7.5	7.5	IshiwaEtal2019
YAUT-025112	-12.08	128.17	20947	383	0.0	-109.25	7.5	7.5	IshiwaEtal2019
YAUT-025111	-12.08	128.17	20687	343	0.0	-108.24	7.5	7.5	IshiwaEtal2019
YAUT-025105	-11.93	128.15	20768	362	0.0	-106.46	7.5	7.5	IshiwaEtal2019
YAUT-025104	-11.93	128.15	20875	377	0.0	-106.1	7.5	7.5	IshiwaEtal2019
YAUT-025101	-11.93	128.15	20735	355	0.0	-105.65	7.5	7.5	IshiwaEtal2019
YAUT-023937	-12.26	128.41	25315	345	0.0	-102.42	7.5	7.5	IshiwaEtal2019
YAUT-023936	-12.26	128.41	25235	374	0.0	-101.69	7.5	7.5	IshiwaEtal2019
YAUT-023933	-12.18	128.03	20151	371	0.0	-115.49	7.5	7.5	IshiwaEtal2019
YAUT-023311	-12.1	128.1	20330	367	0.0	-110.68	7.5	7.5	IshiwaEtal2019
YAUT-023307	-12.1	128.1	16512	364	-1.0	-116.18	1.0	1.0	IshiwaEtal2019
YAUT-003121	-12.08	128.17	19619	433	0.0	-107.44	7.5	7.5	IshiwaEtal2019
YAUT-003111	-12.18	128.03	22090	343	-1.0	-124.65	1.0	1.0	IshiwaEtal2019
YAUT-003108	-12.18	128.03	20486	370	0.0	-116.75	7.5	7.5	IshiwaEtal2019
YAUT-002711	-11.93	128.15	19748	364	-1.0	-111.45	1.0	1.0	IshiwaEtal2019
ANUA-9506	-12.16	127.97	28225	907	0.0	-121.1	7.5	7.5	YokoyamaEtal2000
ANUA-9404	-12.28	128.17	17489	513	0.0	-102.85	7.5	7.5	YokoyamaEtal2000
ANUA-9324	-12.28	128.17	18509	456	0.0	-102.9	7.5	7.5	YokoyamaEtal2000
ANUA-9319	-12.64	128.61	12991	420	0.0	-97.6	1.5	1.5	YokoyamaEtal2000
ANUA-9318	-12.17	128.0	21386	607	0.0	-115.6	7.5	7.5	YokoyamaEtal2000
ANUA-9317	-12.2	128.04	20970	529	0.0	-122.9	1.5	1.5	YokoyamaEtal2000
ANUA-9304	-12.16	127.97	27533	501	0.0	-120.80000000000001	7.5	7.5	YokoyamaEtal2000
ANUA-9303	-12.17	128.0	27489	513	-1.0	-123.4	1.0	1.0	YokoyamaEtal2000
YAUT-028834	-11.99	128.2	20365	369	0.0	-106.32	7.5	7.5	IshiwaEtal2019
ANUA-8816	-12.17	128.0	19413	665	0.0	-115.3	7.5	7.5	YokoyamaEtal2000
ANUA-7531	-12.2	128.04	19340	547	0.0	-121.79	1.5	1.5	YokoyamaEtal2000
ANUA-7516	-12.16	127.97	13188	376	0.0	-120.37	7.5	7.5	YokoyamaEtal2000
ANUA-6930	-12.2	128.04	20113	646	0.0	-122.7	1.5	1.5	YokoyamaEtal2000
ANUA-6928	-12.2	128.04	18837	618	0.0	-121.77	1.5	1.5	YokoyamaEtal2000
ANUA-6900	-12.2	128.04	12770	458	-1.0	-118.42	1.0	1.0	YokoyamaEtal2000
ANUA-6807	-12.2	128.04	19171	493	0.0	-121.77	1.5	1.5	YokoyamaEtal2000
ANU-10750	-12.37	128.25	17059	546	0.0	-99.76	7.5	7.5	YokoyamaEtal2000
ANU-10747	-12.37	128.25	17294	628	0.0	-99.85	7.5	7.5	YokoyamaEtal2000
ANUA-8813	-12.2	128.04	16340	611	0.0	-111.63	7.5	7.5	YokoyamaEtal2000
B274-C120806-4	-12.67	128.78	16596	389	0.0	-89.25	7.5	7.5	IshiwaEtal2019
B274-C120806-3	-12.67	128.78	16611	403	0.0	-90.14	7.5	7.5	IshiwaEtal2019
YAUT-000817	-12.18	128.03	27915	486	-1.0	-124.88	1.0	1.0	IshiwaEtal2019
YAUT-002710	-11.93	128.15	19807	366	-1.0	-111.74	1.0	1.0	IshiwaEtal2019
YAUT-002709	-11.93	128.15	19707	371	-1.0	-111.6	1.0	1.0	IshiwaEtal2019
YAUT-002708	-11.93	128.15	18229	346	-1.0	-111.37	1.0	1.0	IshiwaEtal2019
YAUT-002121	-12.76	128.87	14062	531	-1.0	-88.22	1.0	1.0	IshiwaEtal2019
YAUT-002119	-12.76	128.87	14641	587	0.0	-80.84	7.5	7.5	IshiwaEtal2019
YAUT-002106	-11.93	128.15	19877	445	0.0	-104.71	7.5	7.5	IshiwaEtal2019
YAUT-001730	-12.18	128.03	18772	499	0.0	-113.24	7.5	7.5	IshiwaEtal2019
YAUT-000811	-12.18	128.03	21323	484	-1.0	-124.63	1.0	1.0	IshiwaEtal2019
YAUT-001725	-12.18	128.03	18904	427	0.0	-114.65	7.5	7.5	IshiwaEtal2019
YAUT-001729	-12.18	128.03	18400	325	0.0	-113.2	7.5	7.5	IshiwaEtal2019
YAUT-001719	-12.18	128.03	19426	456	0.0	-115.3	7.5	7.5	IshiwaEtal2019
YAUT-001712	-12.18	128.03	20057	383	0.0	-116.11	7.5	7.5	IshiwaEtal2019
YAUT-001710	-12.18	128.03	19364	393	0.0	-115.4	7.5	7.5	IshiwaEtal2019
YAUT-000828	-12.18	128.03	18560	353	0.0	-113.82	7.5	7.5	IshiwaEtal2019
YAUT-000823	-12.18	128.03	19203	388	0.0	-114.79	7.5	7.5	IshiwaEtal2019
YAUT-000821	-12.18	128.03	20149	421	0.0	-115.71	7.5	7.5	IshiwaEtal2019
YAUT-000820	-12.18	128.03	22973	444	-1.0	-124.73	1.0	1.0	IshiwaEtal2019
YAUT-000818	-12.18	128.03	18784	404	0.0	-114.19	7.5	7.5	IshiwaEtal2019
YAUT-001721	-12.18	128.03	19008	628	0.0	-115.2	7.5	7.5	IshiwaEtal2019
YAUT-028837	-11.99	128.2	20034	376	0.0	-106.32	7.5	7.5	IshiwaEtal2019
