CAMS-89687	54.06	-5.97	19725	312	-1.0	6.0	3.1	3.1	ClarkEtal2004,ShennanEtal2018
CAMS-89688	54.06	-5.97	20223	532	-1.0	8.0	3.1	3.1	ClarkEtal2004,ShennanEtal2018
I-5323	54.01	-6.29	6250	247	1.0	4.4	0.55	0.55	Mitchell1971,ShennanEtal2018
CAMS-89686	54.06	-5.97	19838	317	-1.0	4.0	3.1	3.1	ClarkEtal2004,ShennanEtal2018
AA-17693	53.98	-6.14	17919	356	-1.0	1.0	2.36	2.36	McCabeHaynes1996,ShennanEtal2018
AA-22352	54.06	-5.97	19969	456	-1.0	2.0	3.1	3.1	McCabeClark1998,ShennanEtal2018
AA-56701	53.98	-6.19	17088	420	-1.0	10.0	2.36	2.36	McCabeEtal2005,ShennanEtal2018
AA-56700	53.9	-6.36	16964	309	-1.0	7.0	2.68	2.68	McCabeEtal2005,ShennanEtal2018
AA-22351	54.06	-5.97	19977	411	-1.0	2.0	3.1	3.1	McCabeClark1998,ShennanEtal2018
AA-17694	53.98	-6.14	18376	318	-1.0	1.0	2.36	2.36	McCabeHaynes1996,ShennanEtal2018
AA-17695	53.98	-6.14	18400	356	-1.0	1.0	2.36	2.36	McCabeHaynes1996,ShennanEtal2018
Birm-1129	53.99	-6.38	6900	318	1.0	2.49	1.47	1.47	Penny1983,ShennanEtal2018
Birm-1130	53.99	-6.38	7914	271	1.0	2.66	1.47	1.47	Penny1983,ShennanEtal2018
AA-21818	54.02	-6.05	17632	421	-1.0	3.0	2.36	2.36	McCabeClark1998,ShennanEtal2018
AA-21819	54.02	-6.05	18632	381	-1.0	3.0	2.36	2.36	McCabeClark1998,ShennanEtal2018
