SRR-2694	53.4	-3.15	6019	259	0.0	-2.01	0.21	0.21	Bedlington1994,ShennanEtal2018
Beta-97501	53.57	-3.02	8866	377	0.0	-9.79	0.21	0.21	TooleyEtal2004,ShennanEtal2018
SRR-2929	53.4	-3.15	5899	277	0.0	-1.37	0.21	0.21	CowellInnes1994,ShennanEtal2018
SRR-1494	53.41	-3.14	7297	262	0.0	-3.46	0.21	0.21	Kenna1986,ShennanEtal2018
GU-1271	53.41	-3.15	3787	300	0.0	-0.79	0.21	0.21	Kenna1986,ShennanEtal2018
HV-12540	53.56	-3.02	7766	486	0.0	-3.81	0.21	0.21	HuddartEtal1992,ShennanEtal2018
SRR-4641	53.39	-3.14	8695	289	0.0	-8.97	0.21	0.21	Bedlington1994,ShennanEtal2018
HV-2679	53.52	-3.06	5217	339	0.0	-1.19	0.22	0.22	Tooley1974,Tooley1978,ShennanEtal2018
HV-2680A	53.57	-3.03	7628	361	0.0	-4.18	0.21	0.21	Tooley1974,Tooley1978,ShennanEtal2018
HV-2683	53.57	-3.03	6396	528	0.0	-2.6	0.21	0.21	Tooley1974,Tooley1978,ShennanEtal2018
HV-2685	53.28	-2.77	6042	953	0.0	-3.68	0.21	0.21	Tooley1974,Tooley1978,ShennanEtal2018
GU-1270	53.41	-3.15	2866	315	0.0	-0.89	0.8	0.8	Kenna1986,ShennanEtal2018
HV-8651	53.57	-3.17	6853	483	0.0	-1.99	0.21	0.21	Tooley1985,ShennanEtal2018
HV-8650	53.57	-3.17	7084	329	0.0	-2.49	0.21	0.21	Tooley1985,ShennanEtal2018
HV-8649	53.57	-3.17	6918	318	0.0	-2.21	0.21	0.21	Tooley1985,ShennanEtal2018
HV-4705	53.57	-3.04	4630	593	0.0	-0.65	1.0	1.0	Tooley1978,ShennanEtal2018
HV-3936	53.57	-3.0	7815	198	0.0	-4.25	0.21	0.21	Tooley1974,Tooley1978,ShennanEtal2018
HV-3935	53.57	-3.0	7647	266	0.0	-4.47	0.21	0.21	Tooley1974,Tooley1978,ShennanEtal2018
HV-3847	53.57	-3.02	6434	230	0.0	-2.74	0.21	0.21	Tooley1974,Tooley1978,ShennanEtal2018
HV-3358	53.57	-3.03	6927	298	0.0	-3.27	0.21	0.21	Tooley1974,Tooley1978,ShennanEtal2018
SRR-4513	53.39	-3.14	6258	299	0.0	-2.73	0.21	0.21	Bedlington1994,ShennanEtal2018
SRR-4514	53.39	-3.14	7561	224	0.0	-5.79	0.21	0.21	Bedlington1994,ShennanEtal2018
HV-12539	53.56	-3.02	7705	232	0.0	-2.88	0.06	0.06	HuddartEtal1992,ShennanEtal2018
GU-1312	53.4	-3.15	4917	370	0.0	-1.21	1.0	1.0	Kenna1986,ShennanEtal2018
Beta-173725	53.29	-2.79	7292	257	0.0	-5.85	0.51	0.51	WilsonEtal2005,WilsonLamb2012,ShennanEtal2018
Beta-173724	53.28	-2.78	3443	271	0.0	-1.66	0.21	0.21	WilsonEtal2005,WilsonLamb2012,ShennanEtal2018
SRR-1575	53.41	-3.1	5346	319	0.0	-2.82	0.21	0.21	Tooley1974,Tooley1978,ShennanEtal2018
SRR-1574	53.41	-3.1	2679	287	0.0	-0.85	0.21	0.21	Tooley1974,Tooley1978,ShennanEtal2018
Beta-173723	53.28	-2.78	7685	224	0.0	-5.18	0.21	0.21	WilsonEtal2005,WilsonLamb2012,ShennanEtal2018
Beta-173100	53.28	-2.78	753	181	0.0	-1.14	0.5	0.5	WilsonEtal2005,WilsonLamb2012,ShennanEtal2018
Beta-173722	53.28	-2.78	8171	206	0.0	-5.83	0.8	0.8	WilsonEtal2005,WilsonLamb2012,ShennanEtal2018
SRR-4510	53.39	-3.14	3017	250	0.0	-1.0	0.21	0.21	Bedlington1994,ShennanEtal2018
SRR-4511	53.39	-3.14	5204	320	0.0	-1.93	0.21	0.21	Bedlington1994,ShennanEtal2018
SRR-4512	53.39	-3.14	5707	219	0.0	-1.77	0.21	0.21	Bedlington1994,ShennanEtal2018
HV-12537	53.56	-3.01	7875	256	0.0	-4.53	0.21	0.21	HuddartEtal1992,ShennanEtal2018
HV-12538	53.56	-3.01	7279	650	0.0	-3.66	0.22	0.22	HuddartEtal1992,ShennanEtal2018
Beta-173099	53.28	-2.78	6810	305	0.0	-2.84	0.21	0.21	WilsonEtal2005,WilsonLamb2012,ShennanEtal2018
SRR-2693	53.4	-3.15	5262	316	0.0	-1.54	0.21	0.21	Bedlington1994,ShennanEtal2018
