T-4424	59.3416851694053	5.29490461260562	4167	269	1.0	11.16	7.09	7.090157629363937	LindblomEtal1997,CreelEtal2022
T-4149A	59.4008	5.66	13196	349	-1.0	34.0	1.32	1.317869440807022	AnundsenFjeldskaar1983,CreelEtal2022
T-3403A	59.3983	5.67	12685	471	1.0	37.61	1.34	1.341190751903252	AnundsenFjeldskaar1983,CreelEtal2022
T-3404	59.3983	5.67	13366	428	1.0	37.61	1.34	1.341190751903252	AnundsenFjeldskaar1983,CreelEtal2022
T-3583A	59.3983	5.67	11991	660	0.0	38.02	1.41	1.4057591752538308	AnundsenFjeldskaar1983,CreelEtal2022
T-5481A	59.4032	5.66	11818	757	0.0	41.72	1.43	1.4287977456346943	BraatenHermansen1985,HelleEtal2007,CreelEtal2022
T-5457A	59.4008	5.66	11211	741	0.0	34.02	1.38	1.3802562519787993	AnundsenFjeldskaar1983,HelleEtal2007,CreelEtal2022
Beta-126390	59.3338	5.44	10915	310	0.0	11.61	1.24	1.2379114853638948	Midtbo2000,ProschDanielsen2006,CreelEtal2022
T-4053	59.4008	5.66	13636	381	-1.0	34.0	1.32	1.317869440807022	AnundsenFjeldskaar1983,HelleEtal2007,CreelEtal2022
T-4052A	59.4008	5.66	13350	252	0.0	34.02	1.38	1.3802562519787993	AnundsenFjeldskaar1983,CreelEtal2022
Beta-126388	59.347	5.48	2117	271	0.0	2.02	1.19	1.1898750120182657	Midtbo2000,CreelEtal2022
T-3362A	59.3983	5.67	12067	630	0.0	38.02	1.41	1.4057591752538308	AnundsenFjeldskaar1983,CreelEtal2022
T-3780A	59.3953	5.66	13262	651	-1.0	30.0	1.29	1.2927126792894181	AnundsenFjeldskaar1983,CreelEtal2022
Beta-126386	59.347	5.48	2374	327	0.0	2.02	1.19	1.1898750120182657	Midtbo2000,CreelEtal2022
T-4051A	59.4008	5.66	14416	527	-1.0	34.0	1.32	1.317869440807022	AnundsenFjeldskaar1983,CreelEtal2022
T-2998A	59.3953	5.66	11853	501	-1.0	30.0	1.29	1.2927126792894181	AnundsenFjeldskaar1983,CreelEtal2022
T-2999A	59.3953	5.66	10909	314	0.0	30.02	1.36	1.3554650541611493	AnundsenFjeldskaar1983,CreelEtal2022
T-4417	59.3416851694053	5.29490461260562	3601	204	1.0	9.86	1.13	1.1270914821910625	LindblomEtal1997,CreelEtal2022
T-4418	59.3416851694053	5.29490461260562	3482	202	1.0	11.16	1.42	1.4213849616580463	LindblomEtal1997,CreelEtal2022
T-3780C	59.3953	5.66	14046	590	-1.0	30.0	1.29	1.2927126792894181	AnundsenFjeldskaar1983,HelleEtal2007,CreelEtal2022
T-4419	59.3416851694053	5.29490461260562	3819	149	1.0	10.66	1.13	1.1270914821910625	LindblomEtal1997,CreelEtal2022
T-4425	59.3416851694053	5.29490461260562	2225	209	1.0	9.86	1.13	1.1270914821910625	LindblomEtal1997,CreelEtal2022
T-4420	59.3416851694053	5.29490461260562	3923	205	1.0	11.16	1.42	1.4213849616580463	LindblomEtal1997,CreelEtal2022
Beta-419386	59.1636	5.22	18479	187	-1.0	15.65	0.33	0.3345198863720766	VasskogEtal2019,CreelEtal2022
T-7173A	59.2509	5.46	11736	906	-1.0	7.5	1.13	1.1312313468162583	Thomsen1989,HelleEtal2007,CreelEtal2022
T-4422	59.3416851694053	5.29490461260562	2693	253	1.0	13.66	1.13	1.1270914821910625	LindblomEtal1997,CreelEtal2022
T-3219A	59.3961	5.66	11310	499	0.0	25.02	1.33	1.326666047075055	AnundsenFjeldskaar1983,CreelEtal2022
Beta-222021	59.3391	5.44	6139	133	0.0	6.51	0.63	0.6288568779165076	Midtbo2011,CreelEtal2022
T-4423	59.3416851694053	5.29490461260562	3000	249	1.0	10.66	1.13	1.1270914821910625	LindblomEtal1997,CreelEtal2022
T-5456A	59.4008	5.66	13284	455	0.0	34.02	1.38	1.3802562519787993	AnundsenFjeldskaar1983,HelleEtal2007,CreelEtal2022
T-7174A	59.2509	5.46	7176	382	0.0	7.52	1.19	1.1867580314281967	Thomsen1989,HelleEtal2007,CreelEtal2022
Beta-199972	59.3369	5.36	6308	87	1.0	8.39	0.52	0.5224613647942989	Midtbo2011,CreelEtal2022
T-2005	59.333333333333336	5.633333333333333	4955	430	1.0	23.63	1.25	1.2540613328385064	GulliksenEtal1978,CreelEtal2022
T-663	59.4842	5.73	11554	860	0.0	54.03	1.35	1.349811702110354	Anundsen1978,CreelEtal2022
T-13779A	59.3064	5.47	8241	209	1.0	7.95	1.13	1.1314642667373813	Midtbo2000,ProschDanielsen2006,CreelEtal2022
T-6717A	59.3835	5.27	14644	761	1.0	20.82	1.24	1.2379412035735762	AustadErichsen,HelleEtal2007,CreelEtal2022
T-6718A	59.3835	5.27	12257	495	0.0	21.21	1.3	1.301277500780171	AustadErichsen,HelleEtal2007,CreelEtal2022
T-852	59.53333333333333	5.95	9123	384	1.0	84.59	1.37	1.3726473453579602	Nydal1972,CreelEtal2022
T-1040	59.3921	5.65	12288	551	0.0	38.02	1.4	1.40265211226183	GulliksenEtal1978,Anundsen1978,CreelEtal2022
T-6719A	59.3835	5.27	12023	652	0.0	21.21	1.3	1.301277500780171	AustadErichsen,HelleEtal2007,CreelEtal2022
Beta-461937	59.217	5.41	14089	176	1.0	17.12	0.2	0.1987222386237233	Johnsen2017,CreelEtal2022
T-839	59.56666666666667	5.816666666666666	9867	361	1.0	55.71	1.28	1.2804403011819576	Nydal1972,CreelEtal2022
T-8347B	59.2987	5.53	11996	621	0.0	28.52	1.34	1.338604263530673	Thomsen1989,HelleEtal2007,CreelEtal2022
TUa-5261A	59.3635	5.4	2259	96	0.0	3.51	0.62	0.6200966790770444	Midtbo2011,CreelEtal2022
TUa-5258A	59.3586	5.36	9919	233	1.0	11.68	0.64	0.6353864090643103	Midtbo2011,CreelEtal2022
TUa-5257A	59.3586	5.36	10937	226	0.0	12.01	0.72	0.7187441767870066	Midtbo2011,CreelEtal2022
T-8348A	59.2642	5.47	11948	656	0.0	28.02	1.33	1.330847192767429	Thomsen1989,HelleEtal2007,CreelEtal2022
T-8355A	59.2886	5.48	10842	428	1.0	22.65	1.25	1.2481188548843585	Thomsen1989,HelleEtal2007,CreelEtal2022
T-8351A	59.31	5.53	10179	543	1.0	20.14	1.33	1.327461001561827	Thomsen1989,HelleEtal2007,CreelEtal2022
T-13778A	59.3064	5.47	5729	372	1.0	7.95	1.13	1.1314642667373813	Midtbo2000,ProschDanielsen2006,CreelEtal2022
T-8356A	59.2886	5.48	14457	818	1.0	22.65	1.25	1.2481188548843585	Thomsen1989,HelleEtal2007,CreelEtal2022
T-8353A	59.2978	5.48	8972	533	0.0	5.02	1.19	1.1903730778787924	Thomsen1989,CreelEtal2022
Beta-220863	59.3391	5.44	10164	206	0.0	6.51	0.63	0.6288568779165076	Midtbo2011,CreelEtal2022
T-1621	59.333333333333336	5.633333333333333	14045	563	-1.0	25.0	1.26	1.2621368012660952	GulliksenEtal1978,CreelEtal2022
T-7175A	59.2509	5.46	4426	408	0.0	7.52	1.19	1.1867580314281967	Thomsen1989,HelleEtal2007,CreelEtal2022
Beta-199973	59.3369	5.36	9439	99	1.0	8.39	0.52	0.5224613647942989	Midtbo2011,CreelEtal2022
Poz-86484	59.2146	5.39	13208	95	0.0	11.72	0.38	0.3797133082760989	Johnsen2017,CreelEtal2022
T-1883	59.333333333333336	5.783333333333333	13782	619	-1.0	20.0	1.23	1.2329641469646204	GulliksenEtal1978,CreelEtal2022
Beta-439744	59.217	5.41	12591	93	0.0	17.45	0.39	0.3861480152731733	Johnsen2017,CreelEtal2022
Beta-439746	59.1602	5.22	15996	176	0.0	12.0	0.46	0.45869514684663865	VasskogEtal2019,CreelEtal2022
T-7230A	59.3743	5.28	12779	451	0.0	14.99	1.26	1.2621488142627688	AustadErichsen,HelleEtal2007,CreelEtal2022
T-7172A	59.2482	5.46	10009	448	1.0	15.66	1.21	1.2086211138505005	Thomsen1989,HelleEtal2007,CreelEtal2022
T-1620	59.333333333333336	5.866666666666667	12875	268	-1.0	10.0	1.18	1.1789788108737387	GulliksenEtal1978,CreelEtal2022
Poz-86485	59.2146	5.39	13826	197	0.0	11.72	0.38	0.3797133082760989	Johnsen2017,CreelEtal2022
T-996	59.4842	5.73	9003	710	1.0	53.59	1.27	1.2735872586862993	Anundsen1978,CreelEtal2022
T-995	59.4842	5.73	11952	645	-1.0	54.0	1.27	1.2748351000959353	Anundsen1978,CreelEtal2022
T-994	59.3921	5.65	10867	410	1.0	37.62	1.34	1.341205148032051	GulliksenEtal1978,Anundsen1978,CreelEtal2022
Beta-220862	59.3185	5.36	12424	259	-1.0	23.0	0.75	0.750470700144567	Midtbo2011,CreelEtal2022
Poz-86475	59.217	5.41	11415	199	0.0	17.45	0.39	0.3861480152731733	Johnsen2017,CreelEtal2022
T-993	59.3921	5.65	13449	320	1.0	37.62	1.34	1.341205148032051	GulliksenEtal1978,Anundsen1978,AnundsenFjeldskaar1983,CreelEtal2022
Beta-222020	59.3391	5.44	6532	108	0.0	6.51	0.63	0.6288568779165076	Midtbo2011,CreelEtal2022
Beta-220864	59.3391	5.44	9317	161	0.0	6.51	0.63	0.6288568779165076	Midtbo2011,CreelEtal2022
Poz-86477	59.2146	5.39	11458	200	0.0	11.72	0.38	0.3797133082760989	Johnsen2017,CreelEtal2022
T-8354A	59.2978	5.48	3595	373	0.0	5.02	1.19	1.1903730778787924	Thomsen1989,CreelEtal2022
