UL-900	48.85	-67.54	5542	197	1.0	3.7	1.2	1.2	DionneColl1995,VacchiEtal2018
UL-984	48.85	-67.54	5372	215	1.0	3.7	1.2	1.2	DionneColl1995,VacchiEtal2018
UL-982	48.85	-67.54	4555	274	0.0	4.5	1.7	1.7	DionneColl1995,VacchiEtal2018
UL-980	48.85	-67.54	4828	281	0.0	6.7	1.7	1.7	DionneColl1995,VacchiEtal2018
UL-903	48.85	-67.54	9149	352	0.0	14.9	1.6	1.6	DionneColl1995,VacchiEtal2018
UL-161	47.85	-69.54	258	235	0.0	1.4	1.5	1.5	Dionne1990,VacchiEtal2018
UL-938	48.85	-67.54	2142	193	0.0	5.0	1.6	1.6	DionneColl1995,VacchiEtal2018
UL-905	48.85	-67.54	897	151	1.0	7.2	1.2	1.2	DionneColl1995,VacchiEtal2018
UL-973	48.85	-67.54	4590	238	0.0	6.8	1.7	1.7	DionneColl1995,VacchiEtal2018
UL-1246	48.35	-68.8	11951	528	-1.0	60.0	1.2	1.2	DionneColl1995,VacchiEtal2018
UQ-808	47.85	-69.54	262	238	0.0	1.7	1.5	1.5	Dionne1990,VacchiEtal2018
UL-1714	48.01	-69.34	624	83	0.0	4.5	1.6	1.6	Dionne1999,VacchiEtal2018
UL-1245	48.35	-68.8	11937	531	-1.0	60.0	3.1	3.1	DionneColl1995,VacchiEtal2018
UQ-968	48.38	-68.54	8055	228	1.0	110.0	1.2	1.2	HetuBail1996,VacchiEtal2018
UQ-982	48.7	-67.89	8711	336	0.0	15.6	1.8	1.8	DionneColl1995,VacchiEtal2018
BETA-103353	48.38	-68.54	11717	505	0.0	70.9	4.4	4.4	Hetu1998,VacchiEtal2018
GX-na	48.07	-69.27	762	204	1.0	2.5	0.6	0.6	VacchiEtal2018,VacchiEtal2018
GSC-2381	48.75	-67.68	11958	423	0.0	69.0	4.2	4.2	DionneColl1995,VacchiEtal2018
UQ-1034	48.59	-68.12	12057	455	0.0	58.0	3.0	3.0	DionneColl1995,VacchiEtal2018
BETA-36756	48.78	-67.71	5704	193	1.0	20.0	1.1	1.1	DionneColl1995,VacchiEtal2018
UL-539	48.32	-68.86	4638	284	1.0	10.0	0.7	0.7	DionneColl1995,VacchiEtal2018
UL-891	48.85	-67.54	1520	273	0.0	4.9	1.6	1.6	DionneColl1995,VacchiEtal2018
UL-2171	48.36	-68.76	7017	349	0.0	1.4	1.7	1.7	Dionne2001,VacchiEtal2018
UL-2185	48.36	-68.76	7147	289	0.0	1.4	1.7	1.7	Dionne2001,VacchiEtal2018
UL-2186	48.36	-68.76	6983	352	0.0	1.4	1.7	1.7	Dionne2001,VacchiEtal2018
UL-2213	48.36	-68.76	7030	312	0.0	1.4	1.7	1.7	Dionne2001,VacchiEtal2018
UL-2214	48.36	-68.76	7080	314	0.0	1.4	1.7	1.7	Dionne2001,VacchiEtal2018
GSC-69	48.01	-69.34	10879	359	-1.0	55.0	0.9	0.9	Dionne1999,VacchiEtal2018
GSC-70	48.01	-69.34	12203	352	-1.0	79.0	0.9	0.9	Dionne1999,VacchiEtal2018
UL-2257	48.36	-68.76	6735	372	0.0	1.4	1.7	1.7	Dionne2001,VacchiEtal2018
UL-2277	48.36	-68.76	6735	372	0.0	1.4	1.7	1.7	Dionne2001,VacchiEtal2018
UL-283	47.93	-69.49	3195	332	0.0	4.4	3.7	3.7	Dionne1990,VacchiEtal2018
UL-285	48.01	-69.34	260	230	0.0	-0.1	0.9	0.9	Dionne1999,VacchiEtal2018
UL-814	48.85	-67.54	9085	407	1.0	17.0	1.2	1.2	DionneColl1995,VacchiEtal2018
UL-332	47.85	-69.54	262	237	0.0	1.7	1.5	1.5	Dionne1990,VacchiEtal2018
UL-793	48.85	-67.54	7771	245	1.0	16.0	1.2	1.2	DionneColl1995,VacchiEtal2018
UL-792	48.85	-67.54	11834	542	0.0	51.0	4.2	4.2	DionneColl1995,VacchiEtal2018
UL-788	48.85	-67.54	12311	443	-1.0	45.0	2.4	2.4	DionneColl1995,VacchiEtal2018
UL-604	48.01	-69.34	407	244	0.0	1.3	1.6	1.6	Dionne1999,VacchiEtal2018
UL-820	48.85	-67.54	9007	401	1.0	23.0	1.2	1.2	DionneColl1995,VacchiEtal2018
UL-858	48.85	-67.54	1605	303	0.0	6.5	3.8	3.8	DionneColl1995,VacchiEtal2018
UL-860	48.85	-67.54	12299	396	-1.0	46.0	2.4	2.4	DionneColl1995,VacchiEtal2018
UL-861	48.85	-67.54	10667	423	0.0	24.0	3.6	3.6	DionneColl1995,VacchiEtal2018
UL-180	47.85	-69.54	6248	332	0.0	3.3	1.0	1.0	Dionne1990,VacchiEtal2018
UL-180b	47.85	-69.54	6163	323	0.0	3.3	1.0	1.0	Dionne1990,VacchiEtal2018
UL-1824	48.36	-68.76	7591	153	0.0	1.7	1.7	1.7	Dionne2001,VacchiEtal2018
UL-884	48.85	-67.54	11655	466	-1.0	38.0	2.0	2.0	DionneColl1995,VacchiEtal2018
BETA-31627	47.85	-69.54	201	188	0.0	2.2	1.6	1.6	Dionne1990,VacchiEtal2018
BETA-31078	47.85	-69.54	312	276	0.0	3.3	1.0	1.0	Dionne1990,VacchiEtal2018
UL-874	48.85	-67.54	4901	339	0.0	3.9	1.7	1.7	DionneColl1995,VacchiEtal2018
BETA-28297	48.32	-68.86	11781	460	0.0	67.9	4.4	4.4	DionneColl1995,VacchiEtal2018
UL-589	48.01	-69.34	794	107	0.0	1.4	1.0	1.0	Dionne1999,VacchiEtal2018
UL-1914	48.36	-68.76	6621	321	0.0	1.4	1.7	1.7	Dionne2001,VacchiEtal2018
UL-1947	48.36	-68.76	2488	357	0.0	6.2	1.7	1.7	Dionne2001,VacchiEtal2018
BETA-27209	48.32	-68.85	10646	398	-1.0	9.0	0.9	0.9	Dionne2005,VacchiEtal2018
BETA-26499	48.01	-69.34	1315	201	0.0	2.0	0.6	0.6	Dionne1999,VacchiEtal2018
UL-2017	48.36	-68.76	6675	369	0.0	1.4	1.7	1.7	Dionne2001,VacchiEtal2018
UL-2018	48.36	-68.76	6733	335	0.0	1.4	1.7	1.7	Dionne2001,VacchiEtal2018
UL-2035	48.32	-68.86	7225	333	-1.0	0.7	0.9	0.9	Dionne2001,VacchiEtal2018
BETA-25788	47.85	-69.54	5851	310	0.0	3.3	1.0	1.0	Dionne1990,VacchiEtal2018
BETA-24669	47.85	-69.54	210	197	0.0	3.3	1.0	1.0	Dionne1990,VacchiEtal2018
UL-1915	48.36	-68.76	2651	357	0.0	6.2	1.7	1.7	Dionne2001,VacchiEtal2018
UL-899	48.85	-67.54	4917	325	0.0	4.4	1.7	1.7	DionneColl1995,VacchiEtal2018
BETA-36757	48.78	-67.71	7817	162	1.0	25.0	1.1	1.1	DionneColl1995,VacchiEtal2018
BETA-51698	48.38	-68.54	10832	390	0.0	64.9	4.4	4.4	Hetu1994,VacchiEtal2018
BETA-51700	48.38	-68.54	10374	413	0.0	50.9	4.6	4.6	DionneColl1995,VacchiEtal2018
BETA-51699	48.38	-68.54	10545	416	0.0	64.9	4.4	4.4	Hetu1994,VacchiEtal2018
BETA-58564	48.35	-68.8	12920	370	-1.0	135.0	2.6	2.6	Dionne2005,VacchiEtal2018
GSC-1295	47.54	-68.71	12882	259	-1.0	67.0	2.6	2.6	BlakeLowdon1976,VacchiEtal2018
BETA-55212	48.85	-67.54	4543	243	0.0	7.5	1.7	1.7	DionneColl1995,VacchiEtal2018
QU-108	49.17	-66.33	10285	559	0.0	21.0	3.6	3.6	DionneColl1995,VacchiEtal2018
GSC-112	47.91	-69.5	7816	118	1.0	10.0	0.6	0.6	DyckFyles1963,VacchiEtal2018
QU-109	49.17	-66.33	10394	626	-1.0	18.0	1.2	1.2	DionneColl1995,VacchiEtal2018
GSC-102	48.13	-69.13	14759	639	-1.0	160.0	2.6	2.6	DyckFyles1963,VacchiEtal2018
BETA-52525	48.85	-67.54	8761	217	0.0	13.9	1.6	1.6	DionneColl1995,VacchiEtal2018
BETA-56331	48.85	-67.54	4808	391	1.0	3.8	1.2	1.2	DionneColl1995,VacchiEtal2018
BETA-55215	48.85	-67.54	4529	265	0.0	7.5	1.7	1.7	DionneColl1995,VacchiEtal2018
QU-152	48.85	-67.54	2122	403	0.0	4.0	3.5	3.5	DionneColl1995,VacchiEtal2018
QU-270	48.32	-68.85	11123	554	-1.0	45.0	2.4	2.4	Locat1977,VacchiEtal2018
QU-265	48.73	-67.72	2102	466	0.0	5.0	4.0	4.0	Locat1977,VacchiEtal2018
BETA-56334	48.85	-67.54	11384	523	0.0	48.0	4.2	4.2	DionneColl1995,VacchiEtal2018
BETA-47286	48.35	-68.8	14111	453	-1.0	140.0	2.6	2.6	Dionne2005,VacchiEtal2018
BETA-47978	48.42	-68.52	9054	382	1.0	85.0	2.6	2.6	Harington2003,VacchiEtal2018
QU-146	48.85	-67.54	2265	384	0.0	5.0	3.5	3.5	DionneColl1995,VacchiEtal2018
BETA-56332	48.85	-67.54	4935	359	0.0	3.9	1.7	1.7	DionneColl1995,VacchiEtal2018
BETA-48532	48.32	-68.85	14111	453	-1.0	141.0	2.6	2.6	Dionne2005,VacchiEtal2018
BETA-69520	48.42	-68.52	6924	223	1.0	24.0	1.4	1.4	Hetu1994,VacchiEtal2018
BETA-55214	48.85	-67.54	3965	184	0.0	7.5	1.7	1.7	DionneColl1995,VacchiEtal2018
BETA-42949	48.39	-68.43	13261	285	-1.0	120.0	2.6	2.6	Hetu1994,VacchiEtal2018
TO-4305	48.85	-67.54	1622	260	0.0	6.5	1.7	1.7	DionneColl1995,VacchiEtal2018
