ANU-4586	-15.45	145.25	7346	951	0	-36.9	3.0	3.0	LewisEtal2013,Zwartz1995
ANU-4587	-15.45	145.25	7944	648	0	-43.1	3.0	3.0	LewisEtal2013,Zwartz1995
ANU-4588	-15.45	145.25	6450	721	0	-37.0	3.0	3.0	LewisEtal2013,Zwartz1995
ANU-4589	-15.45	145.25	9052	516	0	-26.4	3.0	3.0	LewisEtal2013,Zwartz1995
ANU-4591	-15.45	145.25	8399	521	0	-29.1	3.0	3.0	LewisEtal2013,Zwartz1995
ANU-4593	-15.45	145.25	9348	699	0	-29.8	3.0	3.0	LewisEtal2013,Zwartz1995
ANU-4594	-15.45	145.25	7673	418	0	-14.4	3.0	3.0	LewisEtal2013,Zwartz1995
ANU-4595	-15.45	145.25	8191	351	0	-14.6	3.0	3.0	LewisEtal2013,Zwartz1995
ANU-4596	-15.45	145.25	10638	406	0	-44.0	3.0	3.0	LewisEtal2013,Zwartz1995
ANU-4590	-15.45	145.25	7908	468	-1	-26.4	1.0	1.0	LewisEtal2013,Zwartz1995
ANU-9079	-14.717	145.067	3037	233	0	0.55	0.2	0.7	LewisEtal2013,Zwartz1995
ANU-9080	-14.717	145.067	1826	225	0	1.07	0.2	0.7	LewisEtal2013,Zwartz1995
ANU-9081	-14.717	145.067	2550	200	0	0.9	0.2	0.7	LewisEtal2013,Zwartz1995
ANU-8955	-14.717	145.167	1711	196	0	1.14	0.2	0.7	LewisEtal2013,Zwartz1995
ANU-8956	-14.717	145.167	1507	194	0	0.96	0.2	0.7	LewisEtal2013,Zwartz1995
ANU-8957	-14.717	145.167	1461	195	0	1.21	0.2	0.7	LewisEtal2013,Zwartz1995
ANU-9076	-14.717	145.183	1719	218	0	0.65	0.2	0.7	LewisEtal2013,Zwartz1995
ANU-9077	-14.717	145.183	944	203	0	0.86	0.2	0.7	LewisEtal2013,Zwartz1995
ANU-9078	-14.717	145.183	800	180	0	1.15	0.2	0.7	LewisEtal2013,Zwartz1995
ANU-9220	-14.717	145.183	1192	176	0	0.85	0.2	0.7	LewisEtal2013,Zwartz1995
ANU-8687	-14.667	145.467	3385	222	0	0.85	0.2	0.7	LewisEtal2013,Zwartz1995
ANU-8958	-14.65	145.25	3583	226	0	1.39	0.2	0.7	LewisEtal2013,Zwartz1995
ANU-8959	-14.65	145.25	5535	199	0	1.04	0.2	0.7	LewisEtal2013,Zwartz1995
ANU-9222	-14.65	145.25	3541	224	0	1.23	0.2	0.7	LewisEtal2013,Zwartz1995
ANU-9183	-14.55	144.667	6049	210	0	0.95	0.2	0.7	LewisEtal2013,Zwartz1995
ANU-9184	-14.55	144.667	5653	224	0	0.61	0.2	0.7	LewisEtal2013,Zwartz1995
ANU-9209	-14.55	144.667	5138	261	0	0.75	0.2	0.7	LewisEtal2013,Zwartz1995
ANU-9180	-14.517	144.967	5344	222	0	1.18	0.2	0.7	LewisEtal2013,Zwartz1995
ANU-9181	-14.517	144.967	5974	220	0	0.84	0.2	0.7	LewisEtal2013,Zwartz1995
ANU-9182	-14.517	144.967	4518	256	0	0.56	0.2	0.7	LewisEtal2013,Zwartz1995
ANU-9210	-14.517	144.967	6600	251	0	1.04	0.2	0.7	LewisEtal2013,Zwartz1995
ANU-9221	-14.5	144.767	6525	221	0	0.91	0.2	0.7	LewisEtal2013,Zwartz1995
ANU-9188	-14.5	144.767	6445	220	0	0.99	0.2	0.7	LewisEtal2013,Zwartz1995
ANU-9189	-14.5	144.767	6675	244	0	0.76	0.2	0.7	LewisEtal2013,Zwartz1995
SUA-2377	-14.3	144.0	7169	392	-1	-9.0	1.0	1.0	LewisEtal2013,Salama1991
BETA-21804	-14.3	144.0	9842	341	-1	-23.3	1.0	1.0	LewisEtal2013,Salama1991
BETA-22248	-14.3	144.0	9771	433	-1	-12.8	1.0	1.0	LewisEtal2013,Salama1991
BETA-5814	-14.3	144.0	9847	345	-1	-36.8	1.0	1.0	LewisEtal2013,Salama1991
BETA-5814	-14.3	144.0	9105	366	-1	-16.7	1.0	1.0	LewisEtal2013,Salama1991
BETA-5816	-14.3	144.0	7998	323	-1	-10.1	1.0	1.0	LewisEtal2013,Salama1991
BETA-6648	-14.3	144.0	10025	419	-1	-27.8	1.0	1.0	LewisEtal2013,Salama1991
BETA-9283	-14.3	144.0	9575	521	-1	-23.9	1.0	1.0	LewisEtal2013,Salama1991
BETA-9284	-14.3	144.0	10074	551	-1	-24.2	1.0	1.0	LewisEtal2013,Salama1991
BETA-9285	-14.3	144.0	9575	521	-1	-24.1	1.0	1.0	LewisEtal2013,Salama1991
SUA-2375	-14.3	144.0	9687	448	-1	-24.5	1.0	1.0	LewisEtal2013,Salama1991
SUA-2378	-14.3	144.0	8977	451	-1	-18.4	1.0	1.0	LewisEtal2013,Salama1991
SUA-2380	-14.3	144.0	10601	461	-1	-33.2	1.0	1.0	LewisEtal2013,Salama1991
SUA-2375	-14.3	144.0	9979	407	-1	-31.6	1.0	1.0	LewisEtal2013,Salama1991
SUA-2379	-14.3	144.0	9658	230	-1	-33.2	1.0	1.0	LewisEtal2013,Salama1991
SUA-2381	-14.3	144.0	10452	363	-1	-42.0	1.0	1.0	LewisEtal2013,Salama1991
SUA-2382	-14.3	144.0	10206	458	-1	-31.0	1.0	1.0	LewisEtal2013,Salama1991
OZE419	-14.262	144.208	5416	164	0	1.21	0.5	0.3	LewisEtal2013,Higley2000
OZE420	-14.262	144.208	5533	186	0	1.21	0.5	0.3	LewisEtal2013,Higley2000
OZE421	-14.262	144.208	5527	183	0	1.21	0.5	0.3	LewisEtal2013,Higley2000
Wk7490	-14.262	144.208	4892	243	0	1.21	0.5	0.3	LewisEtal2013,Higley2000
Wk7491	-14.262	144.208	5518	189	0	1.21	0.5	0.3	LewisEtal2013,Higley2000
WK7713	-14.262	144.208	3813	246	0	1.21	0.5	0.3	LewisEtal2013,Higley2000
WK7714	-14.262	144.208	3302	207	0	1.21	0.5	0.3	LewisEtal2013,Higley2000
WK7715	-14.262	144.208	3164	208	0	1.21	0.5	0.3	LewisEtal2013,Higley2000
WK7716	-14.262	144.208	5558	199	0	1.21	0.5	0.3	LewisEtal2013,Higley2000
ANU-2319	-14.167	144.25	6548	477	0	0.95	0.2	0.7	LewisEtal2013,ChappellEtal1983
ANU-2320	-14.167	144.25	6468	254	0	0.55	0.2	0.7	LewisEtal2013,ChappellEtal1983
ANU-2321	-14.1	144.333	4569	268	0	0.45	0.2	0.7	LewisEtal2013,ChappellEtal1983
ANU-2322	-14.1	144.333	4560	266	0	0.55	0.2	0.7	LewisEtal2013,ChappellEtal1983
ANU-2323	-14.1	144.333	5927	271	0	0.75	0.2	0.7	LewisEtal2013,ChappellEtal1983
ANU-2324	-14.1	144.333	5875	311	0	0.75	0.2	0.7	LewisEtal2013,ChappellEtal1983
ANU-9185	-14.067	144.25	5719	217	0	0.21	0.2	0.7	LewisEtal2013,Zwartz1995
ANU-9186	-14.067	144.25	209	71	0	0.69	0.2	0.7	LewisEtal2013,Zwartz1995
ANU-9187	-14.067	144.25	117	109	0	0.87	0.2	0.7	LewisEtal2013,Zwartz1995
