HV-4712	54.68	-1.2	6043	344	0.0	-4.28	0.24	0.24	GauntTooley1974,ShennanEtal2018
HV-18062	54.68	-1.2	3806	325	0.0	-1.06	0.21	0.21	HortonEtal1999,ShennanEtal2018
HV-18061	54.68	-1.2	4043	353	0.0	-1.46	0.8	0.8	HortonEtal1999,ShennanEtal2018
HV-3459	54.67	-1.19	5996	279	0.0	-2.96	0.25	0.25	GauntTooley1974,ShennanEtal2018
HV-18300	54.63	-1.21	6676	329	0.0	-2.45	0.22	0.22	BarlowShennan2008,ShennanEtal2018
HV-18299	54.63	-1.21	4916	374	0.0	-1.87	0.22	0.22	BarlowShennan2008,ShennanEtal2018
HV-18298	54.66	-1.19	4644	387	0.0	-0.9	0.25	0.25	Waughman2005,ShennanEtal2018
HV-18297	54.66	-1.19	4151	360	1.0	-0.34	0.25	0.25	Waughman2005,ShennanEtal2018
Beta-99222	54.67	-1.19	6472	253	0.0	-2.54	0.21	0.21	Waughman2005,ShennanEtal2018
HV-18064	54.68	-1.2	3058	286	0.0	-0.78	0.21	0.21	HortonEtal1999,ShennanEtal2018
AA-27201	54.59	-1.3	8208	215	0.0	-6.34	0.21	0.21	PlaterEtal2000,ShennanEtal2018
AA-27200	54.59	-1.3	7883	247	0.0	-6.04	0.21	0.21	PlaterEtal2000,ShennanEtal2018
AA-27199	54.59	-1.3	7034	289	0.0	-4.54	0.21	0.21	PlaterEtal2000,ShennanEtal2018
Q-2662	54.67	-1.19	6323	308	0.0	-3.23	0.24	0.24	HortonEtal1999,ShennanEtal2018
AA-27197	54.57	-1.28	7034	289	0.0	-5.62	0.21	0.21	PlaterEtal2000,ShennanEtal2018
AA-27196	54.57	-1.28	2812	348	0.0	-0.84	0.21	0.21	PlaterEtal2000,ShennanEtal2018
AA-27192	54.62	-1.16	8922	354	0.0	-15.46	0.21	0.21	PlaterEtal2000,ShennanEtal2018
HAR-3714	54.68	-1.2	6917	332	0.0	-4.67	0.25	0.25	GauntTooley1974,ShennanEtal2018
Beta-99223	54.67	-1.19	6396	305	0.0	-2.13	0.21	0.21	Waughman2005,ShennanEtal2018
Beta-99224	54.67	-1.19	5244	328	0.0	-2.19	0.21	0.21	Waughman2005,ShennanEtal2018
Q-2661	54.67	-1.19	6842	387	0.0	-3.4	0.25	0.25	HortonEtal1999,ShennanEtal2018
AA-27202	54.59	-1.3	7216	300	0.0	-6.08	0.22	0.22	PlaterEtal2000,ShennanEtal2018
AA-27198	54.59	-1.3	7490	200	0.0	-5.31	0.21	0.21	PlaterEtal2000,ShennanEtal2018
HAR-3711	54.56	-1.28	11068	463	1.0	-12.45	1.49	1.49	Shennan1983,ShennanEtal2018
HV-18063	54.68	-1.2	3433	338	0.0	-1.28	0.21	0.21	HortonEtal1999,ShennanEtal2018
SRR-3705	54.61	-1.22	6018	262	0.0	-3.02	0.21	0.21	Shennan1992,ShennanEtal2018
Q-2664	54.67	-1.19	5444	298	0.0	-3.02	0.24	0.24	HortonEtal1999,ShennanEtal2018
Q-2663	54.67	-1.19	5665	259	0.0	-2.79	0.24	0.24	HortonEtal1999,ShennanEtal2018
SRR-3706	54.61	-1.22	7912	226	0.0	-5.22	0.21	0.21	Shennan1992,ShennanEtal2018
AA-27203	54.61	-1.23	8068	275	0.0	-6.3	0.21	0.21	PlaterEtal2000,ShennanEtal2018
AA-27205	54.57	-1.28	6543	399	0.0	-5.74	0.21	0.21	PlaterEtal2000,ShennanEtal2018
Q-2660	54.67	-1.19	7064	335	0.0	-3.25	0.25	0.25	HortonEtal1999,ShennanEtal2018
SRR-3704	54.61	-1.22	3746	278	0.0	-1.36	0.21	0.21	Shennan1992,ShennanEtal2018
AA-27210	54.61	-1.24	3076	289	0.0	-2.21	0.21	0.21	PlaterEtal2000,ShennanEtal2018
AA-27211	54.61	-1.24	5946	307	0.0	-3.43	0.4	0.4	PlaterEtal2000,ShennanEtal2018
