Q-2648	51.05	0.83	5923	298	0.0	-6.45	0.22	0.22	WallerEtal1999,ShennanEtal2018
GrA-24065	50.92	0.71	2846	302	0.0	-3.95	0.21	0.21	WallerEtal2006,ShennanEtal2018
Beta-87701	51.05	0.83	5613	275	0.0	-6.1	0.23	0.23	WallerEtal1999,ShennanEtal2018
Q-2650	50.94	0.84	3223	291	0.0	-2.2	0.21	0.21	TooleySwitsur1988,ShennanEtal2018
Q-2651	50.94	0.84	3691	280	0.0	-2.92	0.21	0.21	TooleySwitsur1988,ShennanEtal2018
Q-2652	50.94	0.84	3352	304	0.0	-2.43	0.21	0.21	TooleySwitsur1988,ShennanEtal2018
GrA-2591	50.9	0.68	367	248	0.0	-2.0	0.21	0.21	WallerEtal2006,ShennanEtal2018
Q-2753	50.93	0.83	2147	301	0.0	-2.05	0.21	0.21	Tooley1990,ShennanEtal2018
GrA-25302	50.93	0.7	1068	219	0.0	-5.22	0.21	0.21	WallerEtal2006,ShennanEtal2018
Q-2754	50.93	0.83	2669	293	0.0	-2.64	0.21	0.21	Tooley1990,ShennanEtal2018
Q-2649	50.94	0.84	3823	316	0.0	-2.78	0.21	0.21	TooleySwitsur1988,ShennanEtal2018
Beta-87700	51.05	0.83	6739	295	0.0	-6.25	0.22	0.22	WallerEtal1999,ShennanEtal2018
Beta-259388	50.96	0.89	3641	250	0.0	-3.31	0.5	0.5	KirbyEtal2010,ShennanEtal2018
Q-2647	51.05	0.83	6286	285	0.0	-6.52	0.21	0.21	WallerEtal1999,ShennanEtal2018
Beta-248988	50.95	0.83	3147	265	0.0	-3.17	0.5	0.5	KirbyEtal2010,ShennanEtal2018
Beta-87702	51.05	0.83	5260	333	0.0	-5.27	0.71	0.71	WallerEtal1999,ShennanEtal2018
Beta-87703	51.05	0.83	4390	381	0.0	-4.16	0.71	0.71	WallerEtal1999,ShennanEtal2018
Beta-87704	51.05	0.83	3228	319	0.0	-3.51	0.23	0.23	WallerEtal1999,ShennanEtal2018
Beta-248987	50.95	0.83	4049	319	0.0	-3.48	0.5	0.5	KirbyEtal2010,ShennanEtal2018
Beta-87705	51.04	0.75	6186	264	1.0	-3.75	2.15	2.15	LongEtal1998b,ShennanEtal2018
Beta-248986	50.95	0.83	4476	331	0.0	-3.83	0.5	0.5	KirbyEtal2010,ShennanEtal2018
Beta-87706	51.04	0.75	5042	364	1.0	-3.18	2.15	2.15	LongEtal1998b,ShennanEtal2018
Beta-259387	50.96	0.89	3045	269	0.0	-3.08	0.5	0.5	KirbyEtal2010,ShennanEtal2018
Beta-87707	51.04	0.75	3677	290	0.0	-3.31	0.25	0.25	LongEtal1998b,ShennanEtal2018
Beta-259386	50.96	0.89	2307	346	0.0	-2.6	0.21	0.21	KirbyEtal2010,ShennanEtal2018
Beta-248989	50.95	0.83	2127	260	0.0	-2.55	0.21	0.21	KirbyEtal2010,ShennanEtal2018
NPL-101	51.1	1.4	11421	539	1.0	-38.06	1.96	1.96	Devoy1982,ShennanEtal2018
Beta-109577	51.07	0.92	3969	374	0.0	-3.98	0.51	0.51	LongEtal1998,ShennanEtal2018
Beta-157460	50.95	0.89	1656	266	0.0	-2.01	0.21	0.21	SpencerWoodland2002,ShennanEtal2018
SRR-5611	50.96	0.83	993	244	0.0	-3.1	0.21	0.21	WallerEtal1999,ShennanEtal2018
SRR-5612	50.96	0.83	2580	230	0.0	-3.89	4.06	4.06	WallerEtal1999,ShennanEtal2018
SRR-5613	50.96	0.83	4141	296	0.0	-4.47	0.7	0.7	WallerEtal1999,ShennanEtal2018
SRR-5614	50.96	0.83	5031	296	0.0	-5.31	0.21	0.21	WallerEtal1999,ShennanEtal2018
SRR-5615	51.02	0.84	1784	260	0.0	-4.01	0.21	0.21	WallerEtal1999,ShennanEtal2018
SRR-5616	51.02	0.84	3566	270	0.0	-4.43	0.7	0.7	WallerEtal1999,ShennanEtal2018
SRR-5617	51.02	0.84	3721	269	0.0	-4.79	0.7	0.7	WallerEtal1999,ShennanEtal2018
SRR-5618	51.02	0.84	5161	287	0.0	-5.56	0.21	0.21	WallerEtal1999,ShennanEtal2018
SRR-5619	51.04	0.83	2413	305	0.0	-3.69	0.21	0.21	WallerEtal1999,ShennanEtal2018
SRR-5620	51.04	0.83	3395	288	0.0	-4.25	0.7	0.7	WallerEtal1999,ShennanEtal2018
SRR-5621	51.04	0.83	4739	295	0.0	-5.27	0.7	0.7	WallerEtal1999,ShennanEtal2018
SRR-5622	51.04	0.83	5711	230	0.0	-6.2	0.21	0.21	WallerEtal1999,ShennanEtal2018
SRR-5623	51.0	0.84	3995	329	0.0	-3.97	0.7	0.7	WallerEtal1999,ShennanEtal2018
UB-3731	51.0	0.84	1770	272	0.0	-3.54	0.22	0.22	LongInnes1995,ShennanEtal2018
UB-3730	51.0	0.84	4974	322	0.0	-4.77	0.22	0.22	LongInnes1995,ShennanEtal2018
UB-3584	50.96	0.9	3209	281	0.0	-3.07	0.22	0.22	LongInnes1993,ShennanEtal2018
UB-3583	50.96	0.9	2890	303	0.0	-2.77	0.22	0.22	LongInnes1993,ShennanEtal2018
UB-3582	50.96	0.9	4031	368	0.0	-3.48	0.22	0.22	LongInnes1993,ShennanEtal2018
UB-3581	50.96	0.9	2318	350	0.0	-2.6	0.54	0.54	LongInnes1993,ShennanEtal2018
OxA-13460	50.93	0.7	1182	193	0.0	-5.22	0.21	0.21	WallerEtal2006,ShennanEtal2018
OxA-13277	50.9	0.68	304	255	0.0	-2.0	0.21	0.21	WallerEtal2006,ShennanEtal2018
Beta-153522	50.95	0.72	9142	346	1.0	-26.95	2.15	2.15	WallerKirby2002,ShennanEtal2018
Beta-153521	50.95	0.72	7815	191	0.0	-14.05	0.5	0.5	WallerKirby2002,ShennanEtal2018
Beta-153394	50.95	0.72	9849	301	0.0	-28.68	0.21	0.21	WallerKirby2002,ShennanEtal2018
Beta-157461	50.95	0.89	2373	344	0.0	-3.01	0.21	0.21	SpencerWoodland2002,ShennanEtal2018
Beta-109576	51.07	0.92	4531	322	0.0	-4.18	0.22	0.22	LongEtal1998,ShennanEtal2018
Beta-170763	50.95	0.9	1973	309	0.0	-2.71	0.21	0.21	LongEtal2006a,PlaterTurner2002,ShennanEtal2018
GrN-27875	50.92	0.7	1805	253	0.0	-4.09	0.21	0.21	WallerEtal2006,ShennanEtal2018
Beta-109578	51.07	0.92	2357	342	0.0	-3.04	0.22	0.22	LongEtal1998,ShennanEtal2018
Beta-109579	51.06	0.92	3475	360	0.0	-3.77	0.22	0.22	LongEtal1998,ShennanEtal2018
Beta-109580	51.06	0.92	3061	284	0.0	-3.38	0.51	0.51	LongEtal1998,ShennanEtal2018
Beta-109581	51.06	0.92	3084	285	0.0	-2.81	0.22	0.22	LongEtal1998,ShennanEtal2018
SRR-2645	50.93	0.6	4052	344	0.0	-3.55	0.23	0.23	WallerEtal1988,ShennanEtal2018
SRR-2646	50.93	0.6	6835	417	0.0	-9.21	0.22	0.22	WallerEtal1988,ShennanEtal2018
SRR-2893	50.92	0.68	1757	316	0.0	-4.64	0.21	0.21	WallerMarlow1994,ShennanEtal2018
GrN-28735	50.93	0.7	1192	221	0.0	-5.39	0.21	0.21	WallerEtal2006,ShennanEtal2018
GrN-28734	50.93	0.7	1259	229	0.0	-5.39	0.21	0.21	WallerEtal2006,ShennanEtal2018
GrN-2866	50.96	0.77	2011	300	0.0	-3.98	0.22	0.22	WallerEtal2006,ShennanEtal2018
GrN-28587	50.9	0.68	1646	301	0.0	-2.06	0.21	0.21	WallerEtal2006,ShennanEtal2018
GrN-28586	50.9	0.68	1560	227	0.0	-2.06	0.21	0.21	WallerEtal2006,ShennanEtal2018
GrN-28109	50.92	0.7	3588	270	0.0	-4.36	0.21	0.21	WallerEtal2006,ShennanEtal2018
GrN-28108	50.92	0.7	1836	365	0.0	-3.85	0.21	0.21	WallerEtal2006,ShennanEtal2018
GrN-28107	50.92	0.7	1845	281	0.0	-3.85	0.21	0.21	WallerEtal2006,ShennanEtal2018
GrN-28106	50.94	0.7	3052	274	0.0	-3.3	0.21	0.21	WallerEtal2006,ShennanEtal2018
GrN-28105	50.94	0.72	2512	281	0.0	-4.4	0.21	0.21	WallerEtal2006,ShennanEtal2018
NPL-91	50.95	0.88	2007	325	0.0	-0.54	0.23	0.23	Devoy1982,ShennanEtal2018
GrN-28103	50.97	0.74	2570	229	0.0	-1.23	0.21	0.21	WallerEtal2006,ShennanEtal2018
GrN-28101	50.92	0.71	3098	270	0.0	-3.95	0.21	0.21	WallerEtal2006,ShennanEtal2018
GrN-28056	50.97	0.72	3250	339	0.0	-1.43	0.21	0.21	WallerEtal2006,ShennanEtal2018
GrN-28055	50.97	0.72	3292	276	0.0	-1.43	0.21	0.21	WallerEtal2006,ShennanEtal2018
GrN-27913	50.92	0.7	3668	306	0.0	-4.39	0.21	0.21	WallerEtal2006,ShennanEtal2018
GrN-27910	50.92	0.7	1677	265	0.0	-4.09	0.21	0.21	WallerEtal2006,ShennanEtal2018
GrN-27876	50.92	0.7	3793	287	0.0	-4.39	0.21	0.21	WallerEtal2006,ShennanEtal2018
Beta-170764	50.95	0.9	2019	283	0.0	-3.2	0.21	0.21	LongEtal2006a,PlaterTurner2002,ShennanEtal2018
GrN-28104	50.96	0.77	1143	198	0.0	-4.1	0.21	0.21	WallerEtal2006,ShennanEtal2018
GrN-28098	50.9	0.68	3062	273	0.0	-2.4	0.21	0.21	WallerEtal2006,ShennanEtal2018
HV-17340	51.23	1.39	5281	376	0.0	-4.78	0.42	0.42	Long1992,ShennanEtal2018
HV-17343	51.23	1.39	6834	323	0.0	-8.21	0.42	0.42	Long1992,ShennanEtal2018
Beta-81370	50.95	0.88	3905	321	0.0	-3.39	0.7	0.7	SpencerEtal1998,ShennanEtal2018
HV-17495	51.24	1.35	5591	406	0.0	-6.99	0.42	0.42	Long1992,ShennanEtal2018
HV-17496	51.24	1.35	7290	398	0.0	-11.01	0.42	0.42	Long1992,ShennanEtal2018
HV-17498	51.24	1.35	4358	627	0.0	-5.51	0.42	0.42	Long1992,ShennanEtal2018
HV-17499	51.24	1.35	2470	629	0.0	-4.76	0.43	0.43	Long1992,ShennanEtal2018
Beta-81372	50.95	0.88	2791	364	0.0	-2.46	0.23	0.23	SpencerEtal1998,ShennanEtal2018
Beta-81371	50.95	0.88	3047	275	0.0	-2.96	0.23	0.23	SpencerEtal1998,ShennanEtal2018
Beta-81363	50.95	0.88	3179	290	0.0	-6.04	0.21	0.21	SpencerEtal1998,ShennanEtal2018
Beta-75454	50.97	0.79	3139	283	0.0	-3.65	0.21	0.21	WallerEtal2006,ShennanEtal2018
Beta-75454	50.97	0.79	3139	283	0.0	-3.65	0.21	0.21	LongEtal1996,ShennanEtal2018
Beta-75453	50.97	0.78	5220	339	0.0	-4.85	0.21	0.21	LongEtal1996,ShennanEtal2018
Beta-75452	50.97	0.79	1660	264	0.0	-5.38	0.21	0.21	WallerEtal2006,ShennanEtal2018
Beta-81364	50.95	0.88	3205	289	0.0	-5.58	0.21	0.21	SpencerEtal1998,ShennanEtal2018
Beta-81365	50.97	0.9	3168	279	0.0	-3.24	0.21	0.21	SpencerEtal1998,ShennanEtal2018
Beta-81366	50.97	0.9	2430	295	0.0	-2.63	0.21	0.21	SpencerEtal1998,ShennanEtal2018
Beta-81367	50.95	0.89	2682	300	0.0	-2.8	0.21	0.21	SpencerEtal1998,ShennanEtal2018
Beta-81368	50.95	0.88	3694	265	0.0	-3.69	0.22	0.22	SpencerEtal1998,ShennanEtal2018
Beta-81369	50.95	0.88	3104	282	0.0	-2.86	0.72	0.72	SpencerEtal1998,ShennanEtal2018
IGS-14	51.0	0.69	5537	358	0.0	-6.57	0.23	0.23	Devoy1982,ShennanEtal2018
IGS-13	51.0	0.69	3895	387	0.0	-4.75	0.41	0.41	Devoy1982,ShennanEtal2018
HV-17494	51.24	1.35	7303	290	0.0	-11.05	0.42	0.42	Long1992,ShennanEtal2018
IGS-115	51.28	1.33	6075	312	0.0	-6.37	0.49	0.49	Devoy1982,ShennanEtal2018
HV-17339	51.24	1.35	4680	449	0.0	-4.21	0.42	0.42	Long1992,ShennanEtal2018
HV-17338	51.23	1.39	4491	337	0.0	-4.04	0.42	0.42	Long1992,ShennanEtal2018
HV-17337	51.23	1.38	3910	453	0.0	-3.77	0.42	0.42	Long1992,ShennanEtal2018
HV-17336	51.23	1.38	4421	454	0.0	-3.96	0.42	0.42	Long1992,ShennanEtal2018
HV-17341	51.23	1.39	6342	334	0.0	-7.66	0.42	0.42	Long1992,ShennanEtal2018
HV-17335	51.23	1.38	5228	401	0.0	-4.74	0.42	0.42	Long1992,ShennanEtal2018
Beta-75451	50.93	0.7	6366	296	0.0	-8.61	0.21	0.21	LongEtal1996,ShennanEtal2018
HV-17342	51.23	1.39	6471	427	0.0	-8.02	0.79	0.79	Long1992,ShennanEtal2018
IGS-116	50.95	0.73	10848	403	1.0	-24.32	2.38	2.38	Devoy1982,ShennanEtal2018
HV-17334	51.23	1.38	6640	415	0.0	-8.8	0.42	0.42	Long1992,ShennanEtal2018
IGS-56	50.89	0.7	6063	317	0.0	-3.7	1.08	1.08	Devoy1982,ShennanEtal2018
HV-17330	51.23	1.38	4641	484	0.0	-4.7	0.42	0.42	Long1992,ShennanEtal2018
HV-17333	51.23	1.38	6657	298	0.0	-8.57	0.79	0.79	Long1992,ShennanEtal2018
Beta-75452	50.96	0.75	1660	264	0.0	-5.38	0.21	0.21	LongEtal1996,ShennanEtal2018
HV-17332	51.23	1.38	6041	273	0.0	-8.19	0.42	0.42	Long1992,ShennanEtal2018
