UtC-9103	52.32	5.28	6820	129	0.0	-8.36	0.3	0.3	VinkEtal2007,MakaskeEtal2003
GrN-16367	52.62	5.78	4968	242	0.0	-4.0	0.12	0.26	VinkEtal2007,RoeleveldGotje1993
GrN-16366	52.62	5.78	5501	157	0.0	-4.42	0.2	0.66	VinkEtal2007,RoeleveldGotje1993
GrN-16368	52.62	5.78	5755	142	0.0	-5.19	0.15	0.84	VinkEtal2007,RoeleveldGotje1993
GrN-75	52.444	4.656	7995	367	0.0	-14.5	0.55	0.55	VinkEtal2007,vandePlassche1982,Bennema1954
GrN-1633	52.812	4.746	6972	186	0.0	-7.22	0.11	0.64	VinkEtal2007,vandePlassche1982,Jelgersma1961
GrN-7043	52.55	5.65	6107	155	0.0	-5.95	0.29	0.29	VinkEtal2007,vandePlassche1982,LouweKooijmans1976
UtC-9100	52.32	5.28	6307	92	0.0	-6.89	0.3	0.3	VinkEtal2007,MakaskeEtal2003
GrA-16219-16225av	52.62	5.78	3601	110	0.0	-2.37	0.1	0.25	VinkEtal2007,vandePlasscheEtal2005
UtC-9113-9114-av	52.35	5.22	7261	83	0.0	-9.99	0.3	0.3	VinkEtal2007,MakaskeEtal2003
GrN-476	52.912	4.761	5695	205	0.0	-4.72	0.2	0.8	VinkEtal2007,vandePlassche1982,Jelgersma1961
GrN-16372	52.62	5.78	5758	146	0.0	-5.38	0.15	0.84	VinkEtal2007,RoeleveldGotje1993
UtC-9101	52.32	5.28	6532	112	0.0	-7.52	0.3	0.3	VinkEtal2007,MakaskeEtal2003
GrN-15130	52.62	5.78	5383	224	0.0	-4.68	0.12	0.64	VinkEtal2007,RoeleveldGotje1993
GrA-12714	52.62	5.78	5028	181	0.0	-3.89	0.1	0.25	VinkEtal2007,vandePlasscheEtal2005
GrN-16373	52.62	5.78	5029	170	0.0	-4.13	0.14	0.27	VinkEtal2007,RoeleveldGotje1993
GrA-12718	52.62	5.78	5256	192	0.0	-4.68	0.1	0.42	VinkEtal2007,vandePlasscheEtal2005
GrN-8098	52.687	5.083	7816	109	0.0	-12.6	0.1	0.78	VinkEtal2007,vandePlassche1982
GrN-5067	52.55	5.65	6427	119	0.0	-6.95	0.29	0.29	VinkEtal2007,vandePlassche1982,LouweKooijmans1976
GrN-16371	52.62	5.78	5886	114	0.0	-5.73	0.15	0.84	VinkEtal2007,RoeleveldGotje1993
UtC-9109-9111-9112	52.35	5.22	7252	75	0.0	-10.14	0.3	0.3	VinkEtal2007,MakaskeEtal2003
GrN-16369	52.62	5.78	5694	180	0.0	-4.93	0.15	0.84	VinkEtal2007,RoeleveldGotje1993
UtC-9102	52.32	5.28	6669	118	0.0	-7.88	0.3	0.3	VinkEtal2007,MakaskeEtal2003
GrN-161	52.444	4.656	8663	478	0.0	-16.45	0.17	0.17	VinkEtal2007,vandePlassche1982,Jelgersma1961
GrA-16216-16217av	52.62	5.78	4001	126	0.0	-2.86	0.1	0.25	VinkEtal2007,vandePlasscheEtal2005
GrN-16370	52.62	5.78	5652	167	0.0	-4.81	0.15	0.84	VinkEtal2007,RoeleveldGotje1993
Not_stated-03	52.302	4.631	5116	502	0.0	-4.55	0.25	0.25	VinkEtal2007,vandePlassche1982,Bennema1954
