Faivre_2010_01	43.06	16.18	1850	100	0.0	-1.1	0.3	0.3	FaivreEtal2010,FaivreEtal2013,VacchiEtal2016
Z-4695	43.01	16.22	114	106	0.0	-0.22	0.3	0.3	FaivreEtal2013,VacchiEtal2016
Faivre_2010_02	43.06	16.18	2400	200	1.0	-0.76	0.1	0.1	FaivreEtal2010,VacchiEtal2016
Z-4694	42.98	16.01	76	68	0.0	-0.22499999999999998	0.3	0.3	FaivreEtal2013,VacchiEtal2016
Z-4696	43.01	16.22	282	30	0.0	-0.22	0.3	0.3	FaivreEtal2013,VacchiEtal2016
Z-4642	43.08	16.18	715	130	0.0	-0.6749999999999999	0.3	0.3	FaivreEtal2013,VacchiEtal2016
Z-4686	42.98	16.01	663	150	0.0	-0.725	0.3	0.3	FaivreEtal2013,VacchiEtal2016
Z-4692	42.98	16.01	2107	198	0.0	-1.47	0.3	0.3	FaivreEtal2013,VacchiEtal2016
Z-4693	42.98	16.01	142	128	0.0	-0.22499999999999998	0.3	0.3	FaivreEtal2013,VacchiEtal2016
Z-4312	43.08	16.18	673	120	0.0	-0.6749999999999999	0.3	0.3	FaivreEtal2013,VacchiEtal2016
Z-4307	43.08	16.18	711	200	0.0	-0.6749999999999999	0.3	0.3	FaivreEtal2013,VacchiEtal2016
Z-4848	43.08	16.18	71	63	0.0	-0.275	0.3	0.3	FaivreEtal2013,VacchiEtal2016
Z-4849	43.08	16.18	159	146	0.0	-0.275	0.3	0.3	FaivreEtal2013,VacchiEtal2016
Z-4685	42.98	16.01	836	161	0.0	-0.725	0.3	0.3	FaivreEtal2013,VacchiEtal2016
Z-4850	43.08	16.18	70	62	0.0	-0.275	0.3	0.3	FaivreEtal2013,VacchiEtal2016
Z-4852	43.08	16.18	62	54	0.0	-0.275	0.3	0.3	FaivreEtal2013,VacchiEtal2016
Z-4303	43.08	16.18	68	60	0.0	-0.275	0.3	0.3	FaivreEtal2013,VacchiEtal2016
Z-4302	43.08	16.18	265	20	0.0	-0.275	0.3	0.3	FaivreEtal2013,VacchiEtal2016
Z-4301	43.08	16.18	376	57	0.0	-0.275	0.3	0.3	FaivreEtal2013,VacchiEtal2016
Z-4308	43.08	16.18	658	132	0.0	-0.6749999999999999	0.3	0.3	FaivreEtal2013,VacchiEtal2016
Z-4309	43.08	16.18	859	161	0.0	-0.6749999999999999	0.3	0.3	FaivreEtal2013,VacchiEtal2016
Z-4310	43.08	16.18	863	150	0.0	-0.6749999999999999	0.3	0.3	FaivreEtal2013,VacchiEtal2016
Z-4311	43.08	16.18	902	213	0.0	-0.6749999999999999	0.3	0.3	FaivreEtal2013,VacchiEtal2016
Z-4851	43.08	16.18	69	61	0.0	-0.275	0.3	0.3	FaivreEtal2013,VacchiEtal2016
