GX-15987	33.58	-79.0	3646	640	0.0	-3.05	0.9342	0.9342	GayesEtal1992,EngelhartHorton2012
GX-15988	33.58	-79.0	10281	705	1.0	-2.51	0.63	0.63	GayesEtal1992,EngelhartHorton2012
GX-16476	33.58	-79.0	5224	355	1.0	-0.11	0.629	0.629	GayesEtal1992,EngelhartHorton2012
GX-16477	33.58	-79.0	2564	349	1.0	-0.21	0.629	0.629	GayesEtal1992,EngelhartHorton2012
GX-16480	33.58	-79.0	10948	845	1.0	-2.57	0.63	0.63	GayesEtal1992,EngelhartHorton2012
GX-16568	33.58	-79.0	3793	390	1.0	-2.13	0.6292	0.6292	GayesEtal1992,EngelhartHorton2012
GX-16569	33.58	-79.0	4629	661	0.0	-3.02	0.9339	0.9339	GayesEtal1992,EngelhartHorton2012
GX-16571	33.58	-79.0	2386	349	1.0	-0.12	0.6286	0.6286	GayesEtal1992,EngelhartHorton2012
GX-16572	33.58	-79.0	9620	698	1.0	-1.43	0.6299	0.6299	GayesEtal1992,EngelhartHorton2012
QC-595	33.2	-79.4	5030	1032	0.0	-4.11	0.9553	0.9553	CinquemaniEtal1982,EngelhartHorton2012
QC-596-1	33.2	-79.4	3282	204	0.0	-3.01	0.9483	0.9483	CinquemaniEtal1982,EngelhartHorton2012
QC-596-2	33.2	-79.4	3336	357	0.0	-3.01	0.9483	0.9483	CinquemaniEtal1982,EngelhartHorton2012
QC-597	33.2	-79.4	5224	355	1.0	-3.22	0.6477	0.6477	CinquemaniEtal1982,EngelhartHorton2012
QC-602	33.4	-79.2	4062	414	0.0	-3.41	0.9484	0.9484	CinquemaniEtal1982,EngelhartHorton2012
QC-603	33.4	-79.2	2706	301	0.0	-2.61	0.9482	0.9482	CinquemaniEtal1982,EngelhartHorton2012
QC-604	33.4	-79.2	5328	303	0.0	-4.81	0.9491	0.9491	CinquemaniEtal1982,EngelhartHorton2012
QC-813	33.4	-79.2	6431	294	0.0	-6.6	0.9512	0.9512	CinquemaniEtal1982,EngelhartHorton2012
QC-814	33.4	-79.2	6995	440	0.0	-6.59	0.97	0.97	CinquemaniEtal1982,EngelhartHorton2012
