AA-27219	57.58	-5.81	4650	323	0.0	2.08	0.27	0.27	ShennanEtal2000b,ShennanEtal2018
AA-28102	57.57	-5.78	13864	309	0.0	4.47	0.44	0.44	ShennanEtal2000b,ShennanEtal2018
AA-28101	57.57	-5.78	14410	513	0.0	5.95	0.63	0.63	ShennanEtal2000b,ShennanEtal2018
AA-27587	57.58	-5.81	3693	272	0.0	1.52	0.27	0.27	ShennanEtal2000b,ShennanEtal2018
AA-27214	57.58	-5.81	4290	362	0.0	2.09	0.27	0.27	ShennanEtal2000b,ShennanEtal2018
AA-27218	57.58	-5.81	4927	376	0.0	2.13	0.27	0.27	ShennanEtal2000b,ShennanEtal2018
AA-27220	57.58	-5.81	3728	316	0.0	1.45	0.27	0.27	ShennanEtal2000b,ShennanEtal2018
UC-208353	57.7	-5.75	15010	467	1.0	14.15	0.41	0.41	SimmsEtal2022,ShennanEtal2018
UC-208394	57.69	-5.74	14403	472	1.0	9.54	0.41	0.41	SimmsEtal2022,ShennanEtal2018
UC-200637	57.7	-5.75	13907	535	1.0	14.15	0.41	0.41	SimmsEtal2022,ShennanEtal2018
UC-208397	57.69	-5.74	15915	335	0.0	11.35	0.41	0.41	SimmsEtal2022,ShennanEtal2018
UC-208354	57.7	-5.75	15619	321	1.0	14.15	0.41	0.41	SimmsEtal2022,ShennanEtal2018
UC-208389	57.69	-5.74	9305	234	1.0	9.54	0.41	0.41	SimmsEtal2022,ShennanEtal2018
UC-208396	57.69	-5.74	15828	346	0.0	10.15	0.41	0.41	SimmsEtal2022,ShennanEtal2018
UC-208395	57.7	-5.75	15414	310	1.0	14.15	0.41	0.41	SimmsEtal2022,ShennanEtal2018
UC-200636	57.7	-5.75	15534	311	1.0	14.15	0.41	0.41	SimmsEtal2022,ShennanEtal2018
UC-208393	57.69	-5.74	13062	220	1.0	9.54	0.41	0.41	SimmsEtal2022,ShennanEtal2018
UC-208391	57.69	-5.74	12903	177	1.0	9.54	0.41	0.41	SimmsEtal2022,ShennanEtal2018
UC-208390	57.69	-5.74	11403	338	1.0	9.54	0.41	0.41	SimmsEtal2022,ShennanEtal2018
