Hv-24534	53.99	14.05	8023	144	0.0	-7.75	0.559017	0.559017	HoffmannEtal2009,RosentauEtal2021
Hv-24535	53.99	14.1	8223	153	0.0	-6.65	0.522015	0.522015	HoffmannEtal2009,RosentauEtal2021
Erl-2515	54.14	13.39	1333	51	1.0	-1.0	0.2	0.2	LampeJanke2004,RosentauEtal2021
Erl-2160	54.14	13.39	1884	437	0.0	-0.15	0.25	0.25	LampeJanke2004,RosentauEtal2021
Hv-23726	54.06	13.87	6823	171	0.0	-4.25	0.559017	0.559017	HoffmannEtal2009,RosentauEtal2021
Hv-24533	53.99	14.05	7236	200	0.0	-5.45	0.559017	0.559017	HoffmannEtal2009,RosentauEtal2021
Hv-24550	54.17	13.39	1123	135	1.0	-1.1	0.2	0.2	LampeJanke2004,RosentauEtal2021
KIA-19816	53.99	14.06	5148	143	0.0	-3.75	0.559017	0.559017	HoffmannEtal2009,RosentauEtal2021
KIA-19814	54.0	13.86	7651	59	0.0	-4.85	0.522015	0.522015	HoffmannEtal2009,RosentauEtal2021
Gd-11350	54.17	13.68	5953	335	1.0	-0.8	0.2	0.2	LampeJanke2004,RosentauEtal2021
Gd-11350	54.17	13.68	5969	210	1.0	-0.8	0.2	0.2	LampeJanke2004,RosentauEtal2021
Gd-12354	54.17	13.68	6538	175	0.0	-1.15	0.25	0.25	LampeJanke2004,RosentauEtal2021
Gd-12355	54.14	13.39	4125	222	0.0	-0.25	0.25	0.25	LampeJanke2004,RosentauEtal2021
Gd-12358	54.0	14.1	7430	138	0.0	-2.85	0.559017	0.559017	HoffmannEtal2009,RosentauEtal2021
Gd-15292	54.14	13.39	1349	166	0.0	-0.04999999999999999	0.25	0.25	LampeJanke2004,RosentauEtal2021
Gd-15308	54.14	13.39	5191	346	0.0	-0.35	0.25	0.25	LampeJanke2004,RosentauEtal2021
Gd-15309	54.17	13.68	5772	396	1.0	-0.8	0.2	0.2	LampeJanke2004,RosentauEtal2021
Gd-15311	54.14	13.39	4140	814	0.0	-0.44999999999999996	0.25	0.25	LampeJanke2004,RosentauEtal2021
Gds-246	54.17	13.68	4904	324	1.0	-0.8	0.2	0.2	LampeJanke2004,RosentauEtal2021
Hv-24532	53.98	14.06	8222	158	0.0	-6.85	0.559017	0.559017	HoffmannEtal2009,RosentauEtal2021
Hv-24531	53.99	14.05	866	104	0.0	-0.15	0.522015	0.522015	HoffmannEtal2009,RosentauEtal2021
Hv-23981	54.17	13.68	830	101	0.0	-0.15	0.25	0.25	LampeJanke2004,RosentauEtal2021
Hv-23982	54.17	13.68	4346	435	0.0	-0.55	0.25	0.25	LampeJanke2004,RosentauEtal2021
Hv-23983	54.17	13.68	5225	337	0.0	-0.65	0.25	0.25	LampeJanke2004,RosentauEtal2021
Gd-12351	54.17	13.68	6360	149	0.0	-1.05	0.25	0.25	LampeJanke2004,RosentauEtal2021
Hv-23670	54.16	13.39	5817	222	0.0	-0.75	0.25	0.25	LampeJanke2004,RosentauEtal2021
