SUERC-15790	66.475	-53.594	2156	146	0.0	-4.025	0.41	0.41	LongEtal2009,LongEtal2011
SUERC-15789	66.475	-53.594	2204	119	0.0	-4.025	0.41	0.41	LongEtal2009,LongEtal2011
SUERC-15788	66.489	-53.596	1389	78	0.0	-3.865	0.41	0.41	LongEtal2009,LongEtal2011
SUERC-15787	66.489	-53.596	1266	80	0.0	-4.22	0.28	0.28	LongEtal2009,LongEtal2011
SUERC-15786	66.452	-53.626	1185	96	0.0	-1.835	0.31	0.31	LongEtal2009,LongEtal2011
SUERC-15785	66.452	-53.626	2249	92	0.0	-2.19	0.31	0.31	LongEtal2009,LongEtal2011
SUERC-15783	66.45	-53.615	4636	176	0.0	7.68	0.16	0.16	LongEtal2009,LongEtal2011
SUERC-15780	66.449	-53.599	5744	131	0.0	13.0	0.075	0.075	LongEtal2009,LongEtal2011
I-5415	66.417	-53.617	7763	331	-1.0	4.0	1.0	1.0	Weidick1972a
I-5416	66.417	-53.617	9473	446	-1.0	8.0	1.6	1.6	Weidick1972a
SUERC-17228	66.462	-53.625	3489	82	0.0	0.69	0.41	0.41	LongEtal2009,LongEtal2011
