LY-8027	43.49	4.52	6860	238	-1.0	-6.699999999999999	0.3	0.3	VellaEtal2005,VacchiEtal2016
LY-8023	43.49	4.52	2631	229	-1.0	-1.6500000000000001	0.3	0.3	VellaEtal2005,VacchiEtal2016
LY-8020_a	43.45	4.89	4456	353	0.0	-2.65	0.5	0.5	VellaProvansal2000,VacchiEtal2016
LY-8370	43.29	5.37	5290	247	-1.0	-3.1	0.2	0.2	MorhangeEtal2003,VacchiEtal2016
LY-8374	43.29	5.37	3653	236	0.0	-1.5050000000000001	0.3	0.3	MorhangeEtal2001,VacchiEtal2016
LY-8218	43.45	4.89	6850	301	0.0	-5.51	0.5	0.5	VellaProvansal2000,VacchiEtal2016
LY-8446	43.45	4.89	6225	262	0.0	-4.6499999999999995	0.5	0.5	VellaProvansal2000,VacchiEtal2016
LY-8423	43.29	5.37	4578	242	0.0	-1.665	0.3	0.3	MorhangeEtal2001,VacchiEtal2016
Sabatier_2010_06	43.5	3.86	7621	177	0.0	-6.44	1.0	1.0	SabatierEtal2010,VacchiEtal2016
LY-8424	43.2	5.44	9634	290	-1.0	-37.0	0.5	0.5	SartorettoEtal1995,LambeckBard2000,VacchiEtal2016
LY-8447	43.45	4.89	1122	211	0.0	-0.11999999999999997	0.5	0.5	VellaProvansal2000,VacchiEtal2016
LY-8621	43.45	4.89	5421	301	0.0	-3.05	0.5	0.5	VellaProvansal2000,VacchiEtal2016
LY-8670	43.45	4.89	5449	289	0.0	-3.65	0.5	0.5	VellaProvansal2000,VacchiEtal2016
LY-8671	43.45	4.89	7169	252	0.0	-6.43	0.5	0.5	VellaProvansal2000,VacchiEtal2016
LY-8681	43.49	4.52	7464	194	0.0	-7.3999999999999995	0.4	0.4	VellaEtal2005,VacchiEtal2016
Sabatier_2010_05	43.5	3.86	2976	214	0.0	-2.11	1.0	1.0	SabatierEtal2010,VacchiEtal2016
LY-8731	43.45	4.89	5240	322	0.0	-2.8	0.5	0.5	VellaProvansal2000,VacchiEtal2016
LY-9008	43.29	5.37	2738	230	0.0	-0.755	0.3	0.3	MorhangeEtal2001,VacchiEtal2016
Sabatier_2010_11	43.52	3.88	3684	223	0.0	-1.83	1.0	1.0	SabatierEtal2010,VacchiEtal2016
Sabatier_2010_10	43.52	3.88	3295	211	0.0	-1.2999999999999998	1.0	1.0	SabatierEtal2010,VacchiEtal2016
Sabatier_2010_09	43.52	3.88	3011	220	0.0	-0.5900000000000001	1.0	1.0	SabatierEtal2010,VacchiEtal2016
Sabatier_2010_08	43.52	3.88	1516	193	0.0	-0.3600000000000001	1.0	1.0	SabatierEtal2010,VacchiEtal2016
Sabatier_2010_07	43.52	3.88	1782	208	0.0	0.31999999999999995	1.0	1.0	SabatierEtal2010,VacchiEtal2016
Sabatier_2010_12	43.52	3.88	5287	229	0.0	-2.32	1.0	1.0	SabatierEtal2010,VacchiEtal2016
Sabatier_2010_13	43.52	3.88	6043	205	0.0	-2.35	1.0	1.0	SabatierEtal2010,VacchiEtal2016
LY-7608	43.47	5.16	5843	240	1.0	-2.1	0.2	0.2	ProvansalEtal1998,VacchiEtal2016
LY-7862	43.45	4.89	3824	311	0.0	-2.4499999999999997	0.5	0.5	VellaProvansal2000,VacchiEtal2016
LGQ-798	43.16	5.58	783	268	0.0	-0.4	0.4	0.4	LaborelEtal1994,VacchiEtal2016
LGQ-797	43.16	5.58	228	217	0.0	-0.4	0.4	0.4	LaborelEtal1994,VacchiEtal2016
LGQ-773	43.16	5.58	381	272	0.0	-0.2	0.4	0.4	LaborelEtal1994,VacchiEtal2016
LGQ-770	43.16	5.58	2681	378	0.0	-1.0	0.4	0.4	LaborelEtal1994,VacchiEtal2016
LGQ-769	43.16	5.58	1136	326	0.0	-0.48	0.4	0.4	LaborelEtal1994,VacchiEtal2016
LGQ-768	43.16	5.58	2233	380	0.0	-0.85	0.4	0.4	LaborelEtal1994,VacchiEtal2016
LGQ-767	43.16	5.58	3242	400	0.0	-1.4000000000000001	0.4	0.4	LaborelEtal1994,VacchiEtal2016
LGQ-766	43.16	5.58	2996	362	0.0	-1.3	0.4	0.4	LaborelEtal1994,VacchiEtal2016
LGQ-765	43.16	5.58	3736	388	0.0	-1.3	0.4	0.4	LaborelEtal1994,VacchiEtal2016
LGQ-764	43.16	5.58	2605	376	0.0	-0.95	0.4	0.4	LaborelEtal1994,VacchiEtal2016
LGQ-763	43.16	5.58	3301	388	0.0	-1.25	0.4	0.4	LaborelEtal1994,VacchiEtal2016
LGQ-761	43.16	5.58	3052	353	0.0	-1.3	0.4	0.4	LaborelEtal1994,VacchiEtal2016
LGQ-760	43.16	5.58	3301	388	0.0	-1.1	0.4	0.4	LaborelEtal1994,VacchiEtal2016
LGQ-1064	43.45	4.89	4512	668	0.0	-2.88	0.5	0.5	VellaProvansal2000,VacchiEtal2016
LGQ-1059	43.45	4.89	4180	596	0.0	-2.95	0.5	0.5	VellaProvansal2000,VacchiEtal2016
LGQ-1057	43.45	4.89	4208	582	0.0	-2.9899999999999998	0.5	0.5	VellaProvansal2000,VacchiEtal2016
LGQ-1055	43.45	4.89	4190	567	0.0	-2.88	0.5	0.5	VellaProvansal2000,VacchiEtal2016
LGQ-799	43.16	5.58	223	210	0.0	-0.30000000000000004	0.4	0.4	LaborelEtal1994,VacchiEtal2016
LY-8020	43.49	4.52	4458	343	0.0	-3.0	0.4	0.4	VellaEtal2005,VacchiEtal2016
LGQ-800	43.16	5.58	928	290	0.0	-0.35	0.4	0.4	LaborelEtal1994,VacchiEtal2016
Sabatier_2010_01	43.5	3.86	625	154	0.0	0.3	0.6	0.6	SabatierEtal2010,VacchiEtal2016
LY-7860	43.45	4.89	2075	273	0.0	-1.6500000000000001	0.5	0.5	VellaProvansal2000,VacchiEtal2016
LY-7679	43.47	5.16	3398	247	1.0	-0.7	0.2	0.2	ProvansalEtal1998,VacchiEtal2016
LY-7592	43.45	4.89	4555	296	0.0	-2.55	0.5	0.5	VellaProvansal2000,VacchiEtal2016
LY-7591	43.45	4.89	2060	273	0.0	-1.4000000000000001	0.5	0.5	VellaProvansal2000,VacchiEtal2016
LY-7081	43.45	4.89	5919	296	0.0	-3.75	0.5	0.5	VellaProvansal2000,VacchiEtal2016
LY-7071	43.29	5.37	4319	253	-1.0	-1.7000000000000002	0.2	0.2	MorhangeEtal2003,VacchiEtal2016
LY-5249	43.45	4.89	4095	347	0.0	-3.25	0.5	0.5	VellaProvansal2000,VacchiEtal2016
LY-364	43.45	4.89	6418	417	0.0	-5.12	0.5	0.5	VellaProvansal2000,VacchiEtal2016
LY-210_OxA	43.47	5.16	3038	272	0.0	-0.6000000000000001	1.0	1.0	ProvansalEtal1998,VacchiEtal2016
LY-1496	43.45	4.89	5052	817	0.0	-2.75	0.5	0.5	VellaProvansal2000,VacchiEtal2016
LY-1494	43.45	4.89	2280	447	0.0	-2.1999999999999997	0.5	0.5	VellaProvansal2000,VacchiEtal2016
LY-1493	43.45	4.89	2267	446	0.0	-2.15	0.5	0.5	VellaProvansal2000,VacchiEtal2016
LGQ_906	43.29	5.37	250	197	0.0	-0.245	0.3	0.3	MorhangeEtal2001,VacchiEtal2016
LGQ-802	43.16	5.58	283	257	0.0	-0.21000000000000002	0.4	0.4	LaborelEtal1994,VacchiEtal2016
Sabatier_2010_04	43.5	3.86	1684	209	0.0	-1.25	1.0	1.0	SabatierEtal2010,VacchiEtal2016
Sabatier_2010_03	43.5	3.86	1178	179	0.0	-1.23	0.6	0.6	SabatierEtal2010,VacchiEtal2016
Sabatier_2010_02	43.5	3.86	835	171	0.0	-0.30000000000000004	0.6	0.6	SabatierEtal2010,VacchiEtal2016
LGQ-801	43.16	5.58	546	266	0.0	-0.25	0.4	0.4	LaborelEtal1994,VacchiEtal2016
MC-1168	43.49	4.52	11967	617	1.0	-36.1	0.4	0.4	VellaEtal2005,VacchiEtal2016
LY-8150	43.45	4.89	5592	266	0.0	-3.75	0.5	0.5	VellaProvansal2000,VacchiEtal2016
MC-697_A	43.29	5.37	1840	280	0.0	-0.375	0.3	0.3	MorhangeEtal2001,VacchiEtal2016
MC-979	43.5	3.9	11300	671	1.0	-26.200000000000003	0.6	0.6	AloisiEtal1978,VacchiEtal2016
Amorosi_2013_07	43.45	4.38	10357	296	0.0	-33.84	1.2	1.2	AmorosiEtal2013b,VacchiEtal2016
Amorosi_2013_06	43.45	4.38	11673	390	0.0	-41.44	1.5	1.5	AmorosiEtal2013b,VacchiEtal2016
Morhange_2001_04	43.29	5.37	290	100	0.0	-0.245	0.3	0.3	MorhangeEtal2001,VacchiEtal2016
MC-2017	43.49	4.52	10534	523	0.0	-29.900000000000002	0.4	0.4	VellaEtal2005,VacchiEtal2016
MC-1405	43.5	4.0	1896	266	-1.0	-3.2	0.4	0.4	AloisiEtal1978,VacchiEtal2016
Amorosi_2013_05	43.45	4.38	11673	248	0.0	-43.33	1.5	1.5	AmorosiEtal2013b,VacchiEtal2016
Amorosi_2013_04	43.52	4.33	10476	248	0.0	-31.700000000000003	0.7	0.7	AmorosiEtal2013b,VacchiEtal2016
BETA-164694	43.49	4.52	2813	61	-1.0	-1.8	0.3	0.3	VellaEtal2005,VacchiEtal2016
MC-1404	43.5	4.0	855	203	-1.0	-2.4	0.4	0.4	AloisiEtal1978,VacchiEtal2016
MC-697_B	43.29	5.37	1924	292	0.0	-0.375	0.3	0.3	MorhangeEtal2001,VacchiEtal2016
MC-1177	43.5	3.9	9369	411	-1.0	-23.7	0.4	0.4	AloisiEtal1978,VacchiEtal2016
BETA-167163	43.49	4.52	3116	133	-1.0	-1.1	0.3	0.3	VellaEtal2005,VacchiEtal2016
PB06-170	43.52	3.88	1333	184	0.0	-0.8	0.5	0.5	RaynalEtal2010,VacchiEtal2016
Morhange_2001_01	43.29	5.37	1500	100	0.0	-0.375	0.3	0.3	MorhangeEtal2001,VacchiEtal2016
POZ-3938	43.49	4.52	11173	399	0.0	-42.05	0.4	0.4	VellaEtal2005,VacchiEtal2016
POZ-3937	43.49	4.52	10894	303	0.0	-39.5	0.4	0.4	VellaEtal2005,VacchiEtal2016
Morhange_2001_02	43.29	5.37	2475	50	0.0	-0.7	0.3	0.3	MorhangeEtal2001,VacchiEtal2016
MC-1176	43.5	3.9	9198	398	-1.0	-22.5	0.4	0.4	AloisiEtal1978,VacchiEtal2016
AR06-335	43.52	3.88	6043	205	-1.0	-3.7	0.2	0.2	RaynalEtal2010,VacchiEtal2016
AR06-332	43.52	3.88	5287	229	0.0	-3.17	0.5	0.5	RaynalEtal2010,VacchiEtal2016
Morhange_2001_03	43.29	5.37	2475	50	0.0	-0.795	0.3	0.3	MorhangeEtal2001,VacchiEtal2016
