Poz-66845	-4.95	119.36	5637	296	0.0	0.517	0.3	0.3	MannEtal2016,MannEtal2019
Poz-66842	-5.04	119.33	5241	328	0.0	-0.484	0.31	0.31	MannEtal2016,MannEtal2019
Poz-66843	-4.95	119.36	5872	302	0.0	0.487	0.3	0.3	MannEtal2016,MannEtal2019
Poz-66844	-4.95	119.36	5660	298	0.0	0.497	0.3	0.3	MannEtal2016,MannEtal2019
Poz-66846	-4.95	119.36	5366	325	0.0	0.297	0.3	0.3	MannEtal2016,MannEtal2019
Poz-63506	-5.04	119.33	5397	318	0.0	-0.514	0.31	0.31	MannEtal2016,MannEtal2019
Poz-66848	-4.95	119.36	4645	345	0.0	0.097	0.3	0.3	MannEtal2016,MannEtal2019
Poz-66849	-4.95	119.36	5223	332	0.0	0.147	0.3	0.3	MannEtal2016,MannEtal2019
Poz-66850	-4.95	119.36	5852	306	0.0	0.447	0.3	0.3	MannEtal2016,MannEtal2019
Poz-63507	-4.95	119.36	5824	301	0.0	0.527	0.3	0.3	MannEtal2016,MannEtal2019
GaK-3602	-4.83333	119.56667	4811	482	-1.0	5.75	0.6	0.6	TjiaEtal1972,MannEtal2016,MannEtal2019
Poz-66847	-4.95	119.36	4655	342	0.0	0.117	0.3	0.3	MannEtal2016,MannEtal2019
GaK-3603	-4.83333	119.56667	5809	414	-1.0	6.5	0.6	0.6	TjiaEtal1972,MannEtal2016,MannEtal2019
Poz-66840	-5.04	119.33	5033	338	0.0	-0.574	0.31	0.31	MannEtal2016,MannEtal2019
GrN-10492	-5.00284	119.48236	7723	194	1.0	-0.6	0.12	0.12	deKlerk1982,MannEtal2019
GrN-10980	-5.07198	119.46815	6271	367	-1.0	1.9	0.12	0.12	deKlerk1982,MannEtal2019
GrN-10981	-5.58606	119.48718	8926	422	-1.0	1.53	0.12	0.12	deKlerk1982,MannEtal2019
GrN-9883	-5.1055	119.28881	4426	378	-1.0	1.02	0.12	0.12	deKlerk1982,MannEtal2019
GrN-9884	-5.60599	119.45858	4541	370	-1.0	1.13	0.12	0.12	deKlerk1982,MannEtal2019
GrN-9885	-5.60599	119.45858	2664	453	-1.0	1.22	0.12	0.12	deKlerk1982,MannEtal2019
Poz-66839	-5.04	119.33	5318	327	0.0	-0.444	0.31	0.31	MannEtal2016,MannEtal2019
Poz-66838	-5.04	119.33	6097	301	0.0	-0.344	0.31	0.31	MannEtal2016,MannEtal2019
Poz-63515	-4.95	119.36	5371	323	0.0	0.257	0.3	0.3	MannEtal2016,MannEtal2019
GrN-10491	-5.00284	119.48236	820	102	1.0	1.1	0.12	0.12	deKlerk1982,MannEtal2019
GrN-10978	-4.8119	119.2346	4050	426	-1.0	0.7	0.12	0.12	deKlerk1982,MannEtal2019
Poz-63513	-4.95	119.36	5046	331	0.0	0.147	0.3	0.3	MannEtal2016,MannEtal2019
Poz-63512	-4.95	119.36	4107	349	0.0	0.087	0.3	0.3	MannEtal2016,MannEtal2019
GrN-10979	-4.57482	119.59116	3923	418	-1.0	3.56	0.12	0.12	deKlerk1982,MannEtal2019
Poz-63511	-4.95	119.36	5334	322	0.0	0.207	0.3	0.3	MannEtal2016,MannEtal2019
Poz-63504	-5.04	119.33	4877	354	0.0	-0.764	0.31	0.31	MannEtal2016,MannEtal2019
GrN-10493	-4.9494	119.56053	7059	250	0.0	-0.931	0.44	0.44	deKlerk1982,MannEtal2019
GrN-10559	-5.58606	119.48718	1228	397	-1.0	1.56	0.12	0.12	deKlerk1982,MannEtal2019
GrN-10560	-5.58606	119.48718	1592	423	-1.0	1.84	0.12	0.12	deKlerk1982,MannEtal2019
Poz-63505	-5.04	119.33	4755	359	0.0	-0.364	0.31	0.31	MannEtal2016,MannEtal2019
GrN-10561	-5.58606	119.48718	7114	349	-1.0	0.0	0.12	0.12	deKlerk1982,MannEtal2019
GrN-10562	-5.58606	119.48718	4719	483	-1.0	1.36	0.12	0.12	deKlerk1982,MannEtal2019
GrN-10563	-4.57482	119.59116	4887	480	-1.0	1.83	0.12	0.12	deKlerk1982,MannEtal2019
GrN-10564	-5.00284	119.48236	2041	467	-1.0	1.25	0.12	0.12	deKlerk1982,MannEtal2019
GrN-10565	-5.07198	119.46815	2160	473	-1.0	1.68	0.12	0.12	deKlerk1982,MannEtal2019
GrN-10976	-5.03615	119.27746	1448	337	-1.0	1.0	0.12	0.12	deKlerk1982,MannEtal2019
GrN-10566	-5.12537	119.34338	5941	426	-1.0	0.0	0.12	0.12	deKlerk1982,MannEtal2019
