1999-F	41.265	-72.508	1360	53	0.0	-1.255	0.26	0.26	vandePlasscheEtal1998
2000-F	41.265	-72.508	1274	86	0.0	-1.08	0.26	0.26	vandePlasscheEtal1998
2001-F	41.265	-72.508	1333	51	1.0	-0.4151	0.1649242250247064	0.1649242250247064	vandePlasscheEtal1998
2002-F	41.265	-72.508	562	47	0.0	-1.225	0.4489	0.4489	vandePlasscheEtal1998
2003-F	41.265	-72.508	445	87	0.0	-0.555	0.26	0.26	vandePlasscheEtal1998
2004-F	41.265	-72.508	578	71	0.0	-0.41	0.26	0.26	vandePlasscheEtal1998
2005-F	41.265	-72.508	408	91	0.0	-0.27	0.26	0.26	vandePlasscheEtal1998
2163-1	41.265	-72.508	1109	137	1.0	-0.2627	0.1673320053068151	0.1673320053068151	vandePlasscheEtal1998
2164-1	41.265	-72.508	1062	93	0.0	-1.385	0.4511	0.4511	vandePlasscheEtal1998
2165-1	41.265	-72.508	1011	61	1.0	-0.4827	0.1673320053068151	0.1673320053068151	vandePlasscheEtal1998
2166-6.5	41.265	-72.508	149	134	0.0	0.17	0.26	0.26	vandePlasscheEtal1998
2167-6.5	41.265	-72.508	153	142	0.0	-0.07	0.26	0.26	vandePlasscheEtal1998
2168-6.5	41.265	-72.508	224	205	1.0	0.3573	0.1673320053068151	0.1673320053068151	vandePlasscheEtal1998
2169-6.5	41.265	-72.508	234	216	1.0	0.2973	0.1673320053068151	0.1673320053068151	vandePlasscheEtal1998
2170-6.5	41.265	-72.508	219	199	1.0	0.2173	0.1673320053068151	0.1673320053068151	vandePlasscheEtal1998
2171-6.5	41.265	-72.508	441	101	1.0	0.1373	0.1673320053068151	0.1673320053068151	vandePlasscheEtal1998
2172-6.5	41.265	-72.508	436	103	1.0	0.0873	0.1673320053068151	0.1673320053068151	vandePlasscheEtal1998
2173-6.5	41.265	-72.508	421	88	0.0	-1.025	0.4481	0.4481	vandePlasscheEtal1998
2174-6.5	41.265	-72.508	442	102	1.0	-0.00267	0.1673320053068151	0.1673320053068151	vandePlasscheEtal1998
2175-6.5	41.265	-72.508	573	55	1.0	-0.0827	0.1673320053068151	0.1673320053068151	vandePlasscheEtal1998
2176-6.5	41.265	-72.508	573	55	1.0	-0.1427	0.1673320053068151	0.1673320053068151	vandePlasscheEtal1998
2177-13	41.265	-72.508	158	147	1.0	0.4273	0.1673320053068151	0.1673320053068151	vandePlasscheEtal1998
2178-13	41.265	-72.508	410	95	0.0	-1.035	0.4511	0.4511	vandePlasscheEtal1998
2179-13	41.265	-72.508	422	83	0.0	-0.53	0.26	0.26	vandePlasscheEtal1998
2180-13	41.265	-72.508	573	69	0.0	-0.67	0.26	0.26	vandePlasscheEtal1998
2181-13	41.265	-72.508	1011	61	0.0	-1.475	0.4511	0.4511	vandePlasscheEtal1998
2182-13	41.265	-72.508	1179	103	1.0	-0.5727	0.1673320053068151	0.1673320053068151	vandePlasscheEtal1998
2786-13	41.265	-72.508	930	115	1.0	-0.2627	0.1673320053068151	0.1673320053068151	vandePlasscheEtal1998
2789-6.5	41.265	-72.508	150	140	0.0	-0.505	0.4511	0.4511	vandePlasscheEtal1998
2790-6.5	41.265	-72.508	411	91	1.0	0.1973	0.1673320053068151	0.1673320053068151	vandePlasscheEtal1998
2792-13	41.265	-72.508	419	90	1.0	0.00733	0.1673320053068151	0.1673320053068151	vandePlasscheEtal1998
2794-6.5	41.265	-72.508	493	135	1.0	-0.1427	0.1673320053068151	0.1673320053068151	vandePlasscheEtal1998
Connecticut-1	41.269	-72.681	155	140	0.0	-0.345	0.5173	0.5173	NydickEtal1995
Connecticut-10	41.277	-72.641	1615	175	0.0	-1.475	0.5173	0.5173	NydickEtal1995
Connecticut-11	41.277	-72.641	1699	156	0.0	-2.025	0.6325	0.6325	NydickEtal1995
Connecticut-12	41.278	-72.65	150	117	0.0	-0.215	0.5173	0.5173	NydickEtal1995
Connecticut-13	41.278	-72.65	156	131	0.0	-0.765	0.6327	0.6327	NydickEtal1995
Connecticut-14	41.278	-72.65	162	144	0.0	-0.795	0.6331	0.6331	NydickEtal1995
Connecticut-15	41.278	-72.65	461	128	0.0	-0.425	0.5168	0.5168	NydickEtal1995
Connecticut-16	41.278	-72.65	600	90	0.0	-0.615	0.5173	0.5173	NydickEtal1995
Connecticut-17	41.278	-72.65	991	190	0.0	-1.605	0.6327	0.6327	NydickEtal1995
Connecticut-2	41.269	-72.681	414	103	0.0	-1.105	0.6327	0.6327	NydickEtal1995
Connecticut-3	41.269	-72.681	597	69	0.0	-0.725	0.5168	0.5168	NydickEtal1995
Connecticut-4	41.269	-72.681	722	162	1.0	-0.0768	0.48321837713398275	0.48321837713398275	NydickEtal1995
Connecticut-5	41.269	-72.681	1109	137	0.0	-1.435	0.659	0.659	NydickEtal1995
Connecticut-6	41.277	-72.641	222	203	0.0	-0.345	0.518	0.518	NydickEtal1995
Connecticut-7	41.277	-72.641	636	87	0.0	-0.625	0.5188	0.5188	NydickEtal1995
Connecticut-8	41.277	-72.641	949	191	0.0	-1.395	0.6331	0.6331	NydickEtal1995
Connecticut-9	41.277	-72.641	1132	161	0.0	-1.79	0.7815	0.7815	NydickEtal1995
GrN-14510	41.265	-72.508	6327	114	1.0	-8.4753	0.23473389188611005	0.23473389188611005	vandePlasscheEtal1989
GrN-14511	41.265	-72.508	6703	184	1.0	-7.3493	0.2306512518934159	0.2306512518934159	vandePlasscheEtal1989
GrN-14512	41.265	-72.508	6107	160	1.0	-7.2768	0.23323807579381203	0.23323807579381203	vandePlasscheEtal1989
GrN-14513	41.265	-72.508	5451	119	1.0	-5.9725	0.21748563170931548	0.21748563170931548	vandePlasscheEtal1989
GrN-14514	41.265	-72.508	4873	146	1.0	-4.9293	0.22068076490713912	0.22068076490713912	vandePlasscheEtal1989
GrN-14515	41.265	-72.508	4386	187	1.0	-3.7953	0.22472205054244232	0.22472205054244232	vandePlasscheEtal1989
GrN-14518	41.266	-72.515	1585	149	0.0	-1.855	0.5122	0.5122	vandePlassche1991
GrN-14519	41.266	-72.515	1714	99	0.0	-2.145	0.5337	0.5337	vandePlassche1991
GrN-14520	41.266	-72.515	1809	77	0.0	-1.565	0.7585	0.7585	vandePlassche1991
GrN-15007	41.28	-72.48	6073	118	1.0	-8.2231	0.2368543856465402	0.2368543856465402	vandePlasscheEtal1989
GrN-15556	41.266	-72.515	150	123	1.0	0.5792	0.31921779399024736	0.31921779399024736	vandePlassche1991
GrN-15557	41.266	-72.515	657	74	1.0	0.1492	0.31921779399024736	0.31921779399024736	vandePlassche1991
GrN-15595	41.266	-72.515	1513	199	1.0	-0.4007	0.29933259094191533	0.29933259094191533	vandePlassche1991
GrN-15596	41.266	-72.515	808	113	1.0	0.1993	0.29933259094191533	0.29933259094191533	vandePlassche1991
OS-26452	41.332	-71.864	387	90	0.0	-0.73	0.3085	0.3085	DonnellyEtal2004
OS-26454	41.332	-71.864	299	139	0.0	-0.515	0.3085	0.3085	DonnellyEtal2004
OS-27764	41.332	-71.864	579	63	0.0	-0.905	0.3085	0.3085	DonnellyEtal2004
OS-27765	41.332	-71.864	222	206	0.0	-0.625	0.3085	0.3085	DonnellyEtal2004
OS-29652	41.332	-71.864	593	53	0.0	-1.03	0.3085	0.3085	DonnellyEtal2004
OS-29653	41.332	-71.864	403	85	0.0	-0.815	0.3085	0.3085	DonnellyEtal2004
OS-29654	41.332	-71.864	148	107	0.0	-0.565	0.3085	0.3085	DonnellyEtal2004
OS-33644	41.332	-71.864	514	47	0.0	-0.94	0.3085	0.3085	DonnellyEtal2004
QC-1010	41.2	-73.0	3995	278	0.0	-5.265	0.9678	0.9678	CinquemaniEtal1982
QC-1012	41.2	-73.0	3813	313	0.0	-4.165	0.9678	0.9678	CinquemaniEtal1982
QC-1013	41.26	-72.35	5455	446	0.0	-6.87	0.8359	0.8359	CinquemaniEtal1982
QC101413BC	41.26	-72.35	4293	636	0.0	-6.37	0.8359	0.8359	CinquemaniEtal1982
QC-1014A	41.26	-72.35	5098	432	0.0	-6.57	0.8359	0.8359	CinquemaniEtal1982
QC-1016	41.2	-73.0	1454	394	0.0	-1.865	0.9678	0.9678	CinquemaniEtal1982
QC-1017	41.2	-73.0	3132	250	0.0	-3.195	0.9678	0.9678	CinquemaniEtal1982
UtC-10439	41.251	-72.85599999999998	1450	82	0.0	-1.565	0.4472	0.4472	vandePlasscheEtal2002
UtC-10440	41.251	-72.85599999999998	1073	104	0.0	-1.195	0.4472	0.4472	vandePlasscheEtal2002
UtC-9139	41.261	-72.849	3302	81	0.0	-3.92	0.45	0.45	vandePlasscheEtal2002
UtC-9140	41.25	-72.86	2928	110	0.0	-3.075	0.4472	0.4472	vandePlasscheEtal2002
UtC-9262	41.256	-72.839	2154	145	0.0	-2.245	0.4472	0.4472	vandePlasscheEtal2002
W-1082	41.37	-71.95	3029	640	1.0	-3.6044	0.4	0.4	RedfieldRubin1962
W-945	41.3	-72.75	6785	452	1.0	-9.08	0.51	0.51	RedfieldRubin1962
Y-1056	41.265	-72.508	5480	373	1.0	-7.105	0.48497422611928565	0.48497422611928565	Bloom1963
Y-1057	41.265	-72.508	3868	354	1.0	-4.503	0.4870318264754368	0.4870318264754368	Bloom1963
Y-1058	41.265	-72.508	3781	399	1.0	-3.6041	0.4859012245302537	0.4859012245302537	Bloom1963
Y-1074	41.265	-72.508	7019	229	1.0	-9.688	0.5019960159204453	0.5019960159204453	Bloom1963
Y-1175	41.265	-72.508	3191	226	1.0	-1.5606	0.5094114250780012	0.5094114250780012	Bloom1963
Y-1176	41.265	-72.508	3459	225	1.0	-2.2704	0.49959983987187184	0.49959983987187184	Bloom1963
Y-1177	41.265	-72.508	5618	278	1.0	-4.7684	0.5015974481593781	0.5015974481593781	Bloom1963
Y-840	41.25	-72.81	884	214	1.0	0.3603	0.4803123983409131	0.4803123983409131	Bloom1963
Y-843	41.34	-72.88	7682	300	1.0	-4.3651	0.564889369699944	0.564889369699944	Bloom1963
Y-855	41.27	-72.66	1112	165	1.0	0.0303	0.4803123983409131	0.4803123983409131	Bloom1963
