Hel-371	68.65	-51.25	7430	390	0.0	36.6	8.0	8.0	Weidick1976,Jungner1979
AA39658	68.642	-51.078	8564	152	0.0	56.56	0.59	0.59	LongRoberts2002,LongEtal2011
AA39659	68.668	-51.122	9662	215	1.0	89.11	1.0	1.0	LongRoberts2002,LongEtal2011
AA39661	68.624	-50.936	7877	133	0.0	43.62	0.69	0.69	LongRoberts2002,LongEtal2011
AA39664	68.629	-50.963	8213	158	0.0	56.0	0.22	0.22	LongRoberts2002,LongEtal2011
AA39665	68.637	-50.983	8527	103	0.0	56.38	0.82	0.82	LongRoberts2002,LongEtal2011
K-2019	68.617	-50.667	7104	333	-1.0	37.0	7.4	7.4	Weidick1974
K-1817	68.617	-50.85	7783	341	-1.0	2.0	1.0	1.0	Weidick1972a
K-1816	68.617	-50.85	5468	372	-1.0	6.8	1.36	1.36	Weidick1972a
K-1815	68.617	-50.85	6532	345	-1.0	3.6	1.0	1.0	Weidick1972a
K-1814	68.617	-50.85	7085	349	-1.0	3.0	1.0	1.0	Weidick1972a
Hel-366	68.55	-51.483	7529	384	0.0	39.0	8.0	8.0	Weidick1976,Jungner1979
Hel-367	68.55	-51.483	6763	418	0.0	28.5	6.0	6.0	Weidick1976,Jungner1979
Hel-368	68.517	-51.633	8743	644	-1.0	50.0	10.0	10.0	Weidick1976,Jungner1979
Hel-369	68.617	-50.867	7964	404	-1.0	10.7	2.1	2.1	Weidick1976,Jungner1979
Hel-370	68.633	-51.167	7416	395	0.0	18.4	4.0	4.0	Weidick1976,Jungner1979
Hel-438	68.55	-51.483	7183	489	0.0	39.0	8.0	8.0	Weidick1976,Jungner1979
Hel-454	68.65	-51.25	7289	492	0.0	36.6	8.0	8.0	Weidick1976,Jungner1979
AA39657	68.661	-51.123	7687	107	0.0	35.84	0.22	0.22	LongRoberts2002,LongEtal2011
AA39656	68.662	-51.107	6488	168	0.0	16.4	0.79	0.79	LongRoberts2002,LongEtal2011
AA39660	68.623	-50.924	7416	148	0.0	33.27	0.57	0.57	LongRoberts2002,LongEtal2011
Hel-329	68.517	-51.65	8681	457	-1.0	50.0	10.0	10.0	Weidick1976,Jungner1979
Hel-328	68.617	-50.867	6704	387	-1.0	14.1	2.8	2.8	Weidick1976,Jungner1979
Hel-330	68.617	-50.867	5702	394	-1.0	12.9	2.6	2.6	Weidick1976,Jungner1979
