T-5406	77.763	14.254	7034	418	0.0	6.2	1.0	1.0	LandvikEtal1987
T-5410	77.78	14.28	12457	362	-1.0	48.9	1.0	1.0	LandvikEtal1987
T-5663	77.769	14.284	10303	422	-1.0	24.0	0.5	0.5	LandvikEtal1987
T-5409	77.7868	14.2108	10522	434	0.0	27.6	1.0	1.0	LandvikEtal1987
T-5408	77.783	14.206	10156	452	0.0	24.2	1.0	1.0	LandvikEtal1987
T-5407	77.759	14.257	5992	271	0.0	7.1	1.0	1.0	LandvikEtal1987
T-5664	77.758	14.256	5188	247	0.0	5.0	1.0	1.0	LandvikEtal1987
T-5271	77.8	14.3	8679	288	0.0	9.0	2.0	2.0	LandvikEtal1987,FormanEtal2004
T-5665	77.776	14.179	8941	380	0.0	11.1	1.0	1.0	LandvikEtal1987
Ua-1081	77.56	14.5	13999	489	0.0	49.5	2.0	2.0	SalvigsenEtal1991,FormanEtal2004
T-4943	77.92	13.8	12080	337	-1.0	29.0	2.0	2.0	LandvikEtal1987,FormanEtal2004
T-4865	77.808	14.279	12941	256	1.0	62.0	1.0	1.0	LandvikEtal1987
Ua-1082	77.56	14.5	13286	393	-1.0	47.0	2.0	2.0	SalvigsenEtal1991,FormanEtal2004
T-5995	77.808	14.279	12774	267	1.0	62.0	1.0	1.0	LandvikEtal1987
T-6221	77.8	14.3	8723	336	0.0	11.5	2.0	2.0	LandvikEtal1987,FormanEtal2004
T-7672	77.56	14.5	9869	310	0.0	9.8	2.0	2.0	SalvigsenEtal1991,FormanEtal2004
T-6222	77.573	14.395	11587	344	0.0	20.0	2.0	2.0	LandvikEtal1992,FormanEtal2004
T-7669	77.56	14.5	10943	506	0.0	50.3	2.0	2.0	SalvigsenEtal1991,FormanEtal2004
T-76701	77.56	14.5	6833	305	0.0	5.7	2.0	2.0	SalvigsenEtal1991,FormanEtal2004
T-7671	77.56	14.5	10589	422	0.0	24.3	2.0	2.0	SalvigsenEtal1991,FormanEtal2004
T-7672	77.56	14.5	1028	207	0.0	5.0	2.0	2.0	SalvigsenEtal1991,FormanEtal2004
T-1829	77.54	14.5	10225	402	0.0	9.0	2.0	2.0	Salvigsen1977,SalvigsenEtal1991,FormanEtal2004
T-5662	77.767	14.269	10329	343	-1.0	13.8	0.5	0.5	LandvikEtal1987
