GSC-1203	48.68	-58.86	6302	331	-1.0	-14.0	1.3	1.3	LowdonEtal1971,VacchiEtal2018
GSC-2942	48.65	-58.66	16055	542	-1.0	40.0	2.0	2.0	LowdonBlake1980,VacchiEtal2018
GSC-4292	48.64	-58.65	2101	219	0.0	-1.6	0.8	0.8	Blake1988,VacchiEtal2018
BETA-36168	48.63	-58.74	5263	422	1.0	0.5	0.7	0.7	ForbesEtal1993,VacchiEtal2018
GSC-4724	48.63	-58.74	10664	378	-1.0	-36.6	1.9	1.9	ForbesEtal1993,VacchiEtal2018
BETA-36168	48.63	-58.74	5264	287	1.0	0.5	1.4	1.4	ForbesEtal1993,VacchiEtal2018
GSC-4733	48.63	-58.74	10104	148	1.0	0.1	1.4	1.4	ForbesEtal1993,VacchiEtal2018
GSC-4243	48.62	-58.97	3000	208	1.0	-3.2	0.6	0.6	McNeelyJorgensen1992,VacchiEtal2018
TO-8507	48.62	-59.09	14258	521	-1.0	1.5	0.6	0.6	BellEtal2003,VacchiEtal2018
GX-9527	48.6	-58.95	2397	427	0.0	-2.5	0.7	0.7	BrookesEtal1985,VacchiEtal2018
UQ-646	48.6	-58.95	2933	752	0.0	-3.5	0.7	0.7	BrookesEtal1985,VacchiEtal2018
T12692	48.6	-58.95	2604	209	0.0	-2.4	0.7	0.7	DalyEtal2007,VacchiEtal2018
T12689	48.6	-58.95	2639	247	0.0	-2.8	0.6	0.6	DalyEtal2007,VacchiEtal2018
OS-123524	48.6	-58.94	2604	113	0.0	-2.1	0.4	0.4	KempEtal2017,VacchiEtal2018
OS-123656	48.6	-58.94	1771	59	0.0	-1.0	0.4	0.4	KempEtal2017,VacchiEtal2018
OS-123525	48.6	-58.94	1664	53	0.0	-1.3	0.4	0.4	KempEtal2017,VacchiEtal2018
TO-8503	48.59	-58.89	13556	387	-1.0	12.0	0.7	0.7	BellEtal2003,VacchiEtal2018
TO-8505	48.59	-58.89	12593	400	-1.0	4.0	0.4	0.4	BellEtal2003,VacchiEtal2018
TO-6137	48.55	-58.67	16012	422	-1.0	37.0	1.9	1.9	BellEtal2003,VacchiEtal2018
GSC-4730	48.54	-58.43	491	150	1.0	0.7	0.6	0.6	BellEtal2003,VacchiEtal2018
TO-3161_(3170)	48.54	-58.58	620	83	1.0	1.1	0.6	0.6	ShawPotter2015,VacchiEtal2018
TO-3160	48.54	-58.58	968	154	1.0	1.0	0.6	0.6	ShawPotter2015,VacchiEtal2018
GSC-5942	48.54	-58.62	14508	410	-1.0	17.0	1.0	1.0	BellEtal2003,VacchiEtal2018
TO-6138	48.54	-58.63	14509	467	-1.0	8.0	0.6	0.6	BellEtal2003,VacchiEtal2018
TO-8508	48.52	-58.78	13313	330	-1.0	12.0	0.7	0.7	BellEtal2003,VacchiEtal2018
GSC-4730	48.52	-58.43	559	56	1.0	0.7	0.4	0.4	McNeelyJorgensen1993,VacchiEtal2018
GSC-2015	48.52	-58.92	15909	331	-1.0	40.0	2.0	2.0	McNeelyBrennan2005,VacchiEtal2018
BETA-136932	48.51	-59.05	14257	491	-1.0	16.0	0.9	0.9	BellEtal2003,VacchiEtal2018
BETA-19571	48.45	-58.51	484	142	0.0	-0.7	0.8	0.8	ShawForbes1987,ForbesEtal1993,VacchiEtal2018
WAT-883	48.43	-58.48	10670	391	1.0	0.0	2.1	2.1	BrookesEtal1985,VacchiEtal2018
BETA-19584	48.42	-58.6	616	66	0.0	-0.9	0.7	0.7	ShawForbes1987,ForbesEtal1993,VacchiEtal2018
BETA-19585	48.42	-58.6	689	114	0.0	-1.4	0.7	0.7	ShawForbes1987,ForbesEtal1993,VacchiEtal2018
BETA-19583	48.42	-58.6	1237	140	1.0	0.4	0.4	0.4	ShawForbes1987,ForbesEtal1993,VacchiEtal2018
BETA-19586	48.42	-58.6	328	162	1.0	1.5	0.4	0.4	ShawForbes1987,ForbesEtal1993,VacchiEtal2018
TO-7455	48.31	-58.71	15913	441	-1.0	15.0	0.8	0.8	BellEtal2003,VacchiEtal2018
GSC-1350	48.26	-58.8	12512	213	1.0	28.0	1.4	1.4	LowdonEtal1971,VacchiEtal2018
GSC-1200	48.26	-58.8	15909	407	-1.0	32.4	1.6	1.6	LowdonEtal1971,VacchiEtal2018
GX-9965	48.25	-58.8	13475	1800	1.0	30.0	1.5	1.5	ForbesEtal1993,VacchiEtal2018
TO-7029	48.24	-58.83	15618	384	-1.0	20.0	1.0	1.0	DykeEtal2003,VacchiEtal2018
GSC-5267	47.68	-58.54	12804	155	1.0	3.0	0.3	0.3	McNeely2002,VacchiEtal2018
TO-3174	47.66	-58.4	7232	179	-1.0	-25.4	1.2	1.2	ShawForbes1995,VacchiEtal2018
BETA-150563	47.65	-57.32	6532	108	-1.0	-23.6	1.2	1.2	BellEtal2003,VacchiEtal2018
GSC-4652	47.63	-59.26	1149	89	0.0	-0.9	0.7	0.7	McNeelyMcCuaig1991,VacchiEtal2018
GSC-5039	47.62	-59.21	13298	160	1.0	12.0	0.7	0.7	McNeelyAtkinson1995,VacchiEtal2018
GSC-5206	47.55	-56.93	12541	185	1.0	4.0	0.3	0.3	McNeely2002,VacchiEtal2018
GSC-5268	47.61	-57.63	7784	150	1.0	-15.6	1.0	1.0	McNeely2002,VacchiEtal2018
