SRR-4713	57.34	-2.01	9016	365	0.0	-5.5	0.31	0.31	SmithEtal1999,ShennanEtal2018
SRR-4714	57.35	-2.01	8216	196	0.0	-1.24	0.31	0.31	SmithEtal1999,ShennanEtal2018
SRR-4715	57.35	-2.01	8234	201	0.0	-1.56	0.31	0.31	SmithEtal1999,ShennanEtal2018
SRR-1769	57.33	-1.99	4465	356	0.0	1.56	0.31	0.31	SmithEtal1983,ShennanEtal2018
SRR-4712	57.34	-2.01	8682	287	0.0	-5.04	0.31	0.31	SmithEtal1999,ShennanEtal2018
SRR-4716	57.35	-2.01	8293	236	0.0	-1.85	0.31	0.31	SmithEtal1999,ShennanEtal2018
SRR-4717	57.33	-2.03	7960	229	0.0	-0.55	1.03	1.03	SmithEtal1999,ShennanEtal2018
SRR-5099	57.34	-2.01	9568	304	0.0	-9.8	0.55	0.55	SmithEtal1999,ShennanEtal2018
SRR-4709	57.34	-2.01	8704	279	0.0	-5.39	0.31	0.31	SmithEtal1999,ShennanEtal2018
SRR-4708	57.34	-2.01	8720	275	0.0	-5.07	0.31	0.31	SmithEtal1999,ShennanEtal2018
SRR-4718	57.33	-2.03	8203	193	0.0	-0.66	1.05	1.05	SmithEtal1999,ShennanEtal2018
SRR-4706	57.34	-2.01	9264	240	0.0	-9.47	0.31	0.31	SmithEtal1999,ShennanEtal2018
SRR-1565	57.33	-1.99	7721	291	0.0	0.15	0.56	0.56	SmithEtal1985,SmithEtal1983,ShennanEtal2018
SRR-4711	57.34	-2.01	8686	288	0.0	-4.75	0.31	0.31	SmithEtal1999,ShennanEtal2018
SRR-4719	57.33	-2.03	6803	306	0.0	1.75	0.31	0.31	SmithEtal1999,ShennanEtal2018
SRR-4710	57.34	-2.01	9050	356	0.0	-7.5	0.31	0.31	SmithEtal1999,ShennanEtal2018
SRR-1192	57.33	-1.99	4213	309	0.0	1.56	0.31	0.31	SmithEtal1983,ShennanEtal2018
SRR-1193	57.33	-1.99	7073	325	0.0	1.09	0.31	0.31	SmithEtal1983,ShennanEtal2018
SRR-4707	57.34	-2.01	11908	541	1.0	-9.66	1.12	1.12	SmithEtal1999,ShennanEtal2018
