AA-25600	52.73	1.64	2888	294	0.0	-4.36	0.21	0.21	HortonEtal2004,ShennanEtal2018
Q-2036	52.54	1.64	5629	272	0.0	-5.63	0.71	0.71	Alderton1983,ShennanEtal2018
Q-2037	52.54	1.64	4904	368	0.0	-7.12	0.22	0.22	Alderton1983,ShennanEtal2018
Q-2090	52.47	1.67	5352	294	0.0	-7.16	0.21	0.21	Alderton1983,ShennanEtal2018
Q-2040	52.54	1.64	7314	298	1.0	-9.13	0.66	0.66	Alderton1983,ShennanEtal2018
I-3230	52.1	1.59	7874	298	1.0	-10.46	0.78	0.78	Devoy1982,ShennanEtal2018
I-3430	52.1	1.59	7874	298	1.0	-10.06	0.76	0.76	Devoy1982,ShennanEtal2018
Q-2086	52.47	1.67	2159	298	0.0	-4.64	0.21	0.21	Alderton1983,ShennanEtal2018
Q-2087	52.47	1.67	2382	323	0.0	-5.19	0.21	0.21	Alderton1983,ShennanEtal2018
Q-2038	52.54	1.64	5714	238	0.0	-7.61	0.22	0.22	Alderton1983,ShennanEtal2018
Q-2039	52.54	1.64	6473	242	0.0	-8.51	0.22	0.22	Alderton1983,ShennanEtal2018
SRR-3478	52.32	1.67	4861	400	0.0	-5.65	0.23	0.23	BrewEtal1992,ShennanEtal2018
HAR-2535	52.61	1.72	8385	306	0.0	-20.04	0.3	0.3	ColesFunnell1981,ShennanEtal2018
Q-2088	52.47	1.67	3878	323	0.0	-5.71	0.7	0.7	Alderton1983,ShennanEtal2018
SRR-3479	52.32	1.67	5027	366	0.0	-8.9	0.23	0.23	BrewEtal1992,ShennanEtal2018
SRR-3480	52.32	1.67	7266	227	0.0	-13.55	0.23	0.23	BrewEtal1992,ShennanEtal2018
SRR-3481	52.32	1.67	7650	219	0.0	-14.4	0.8	0.8	BrewEtal1992,ShennanEtal2018
SRR-3482	52.32	1.67	4906	370	0.0	-7.85	0.21	0.21	BrewEtal1992,ShennanEtal2018
SRR-3483	52.32	1.67	5233	329	0.0	-9.3	0.21	0.21	BrewEtal1992,ShennanEtal2018
SRR-3484	52.32	1.67	7357	310	0.0	-13.85	0.21	0.21	BrewEtal1992,ShennanEtal2018
SRR-575	52.62	1.44	1526	211	0.0	-1.94	0.26	0.26	ColesFunnell1981,ShennanEtal2018
SRR-573	52.59	1.48	1957	321	0.0	-3.09	0.23	0.23	ColesFunnell1981,ShennanEtal2018
Q-2035	52.54	1.64	2713	310	0.0	-3.75	0.71	0.71	Alderton1983,ShennanEtal2018
Q-2089	52.47	1.67	4642	184	0.0	-6.64	0.7	0.7	Alderton1983,ShennanEtal2018
Q-2034	52.54	1.64	513	180	0.0	-1.09	0.23	0.23	Alderton1983,ShennanEtal2018
Q-2183	52.48	1.59	1667	251	0.0	-1.23	0.21	0.21	Alderton1983,ShennanEtal2018
Q-2202	52.48	1.59	4390	378	1.0	-2.9	0.65	0.65	Alderton1983,ShennanEtal2018
Q-2200	52.56	1.64	8266	226	0.0	-17.85	0.21	0.21	Alderton1983,ShennanEtal2018
Q-2199	52.56	1.64	5636	270	0.0	-7.41	0.21	0.21	Alderton1983,ShennanEtal2018
Q-2198	52.56	1.64	4052	325	0.0	-6.27	0.7	0.7	Alderton1983,ShennanEtal2018
Q-2197	52.56	1.64	3334	284	0.0	-5.79	0.7	0.7	Alderton1983,ShennanEtal2018
Q-2196	52.56	1.64	2812	308	0.0	-5.34	0.7	0.7	Alderton1983,ShennanEtal2018
Q-2195	52.56	1.64	2471	275	0.0	-4.78	0.21	0.21	Alderton1983,ShennanEtal2018
Q-2184	52.48	1.59	1971	313	0.0	-1.19	0.21	0.21	Alderton1983,ShennanEtal2018
AA-25599	52.74	1.67	2556	233	0.0	-5.6	0.21	0.21	HortonEtal2004,ShennanEtal2018
Q-2201	52.56	1.64	9577	299	1.0	-17.88	0.65	0.65	Alderton1983,ShennanEtal2018
Q-2182	52.54	1.64	3655	253	0.0	-4.6	0.71	0.71	Alderton1983,ShennanEtal2018
Q-2092	52.47	1.67	8660	296	1.0	-9.53	0.65	0.65	Alderton1983,ShennanEtal2018
Q-2091	52.47	1.67	7174	252	0.0	-9.34	0.21	0.21	Alderton1983,ShennanEtal2018
