T-2786B	60.7948	5.01	10740	430	1.0	29.7	1.3	1.3006564446782323	Kaland1984,CreelEtal2022
T-2174	60.8024	4.96	2655	283	0.0	3.92	1.34	1.3362051854091654	Kaland1984,CreelEtal2022
T-2273B	60.7405	4.95	8027	280	0.0	10.92	1.38	1.375241208352553	Kaland1984,CreelEtal2022
T-11704A	60.7898	4.89	8137	243	1.0	12.35	1.2	1.2019918731961414	BondevikEtal1997,CreelEtal2022
T-2323A	60.7405	4.95	10776	494	0.0	10.92	1.38	1.375241208352553	Kaland1984,CreelEtal2022
T-2274B	60.7405	4.95	6823	325	0.0	10.92	1.38	1.375241208352553	Kaland1984,CreelEtal2022
T-2176A	60.7988	4.98	1845	281	0.0	2.42	1.34	1.3447247560977973	Kaland1984,CreelEtal2022
T-1276	60.793	4.98	4680	484	0.0	7.22	1.34	1.3445183621090182	Kaland1984,BondevikEtal1998,CreelEtal2022
T-11204A	60.7738	4.94	11208	491	0.0	12.02	1.38	1.3771123706274195	BondevikEtal1997,CreelEtal2022
T-1475	60.793	4.98	10395	581	0.0	7.22	1.34	1.3445183621090182	Kaland1984,CreelEtal2022
T-2175	60.8024	4.96	9656	506	0.0	3.92	1.34	1.3362051854091654	Kaland1984,CreelEtal2022
T-11203A	60.7589	4.92	10887	345	0.0	14.02	1.38	1.384796846616339	BondevikEtal1997,CreelEtal2022
T-835	60.8044	4.97	6007	296	1.0	8.62	1.14	1.1433157679861439	Kaland1984,CreelEtal2022
