Beta-301601	49.92	-6.29	2027	274	1.0	-1.82	0.33	0.33	PerezEtal2015,ShennanEtal2018
Beta-301602	49.92	-6.31	1996	293	1.0	-0.48	0.33	0.33	PerezEtal2015,ShennanEtal2018
UBA-26168	49.92	-6.31	734	180	1.0	-0.74	0.33	0.33	PerezEtal2015,ShennanEtal2018
Beta-351909	49.92	-6.31	721	174	1.0	-2.17	0.33	0.33	PerezEtal2015,ShennanEtal2018
Beta-301603	49.92	-6.31	2828	297	1.0	-3.54	0.33	0.33	PerezEtal2015,ShennanEtal2018
UBA-26173	49.92	-6.31	1943	300	1.0	-1.53	0.33	0.33	PerezEtal2015,ShennanEtal2018
SUERC-39444	49.92	-6.29	1327	221	1.0	-1.21	0.33	0.33	PerezEtal2015,ShennanEtal2018
UBA-26174	49.92	-6.31	2429	286	1.0	-1.9	0.33	0.33	PerezEtal2015,ShennanEtal2018
UBA-26175	49.92	-6.31	3091	268	1.0	-2.31	0.33	0.33	PerezEtal2015,ShennanEtal2018
UBA-26171	49.92	-6.31	1302	222	1.0	-1.07	0.33	0.33	PerezEtal2015,ShennanEtal2018
UBA-26170	49.92	-6.31	1125	189	1.0	-0.92	0.33	0.33	PerezEtal2015,ShennanEtal2018
UBA-26169	49.92	-6.31	1166	196	1.0	-0.92	0.33	0.33	PerezEtal2015,ShennanEtal2018
UBA-26176	49.92	-6.31	3087	267	1.0	-2.49	0.33	0.33	PerezEtal2015,ShennanEtal2018
SUERC-39443	49.92	-6.29	939	227	1.0	-1.0	0.33	0.33	PerezEtal2015,ShennanEtal2018
SUERC-39454	49.92	-6.31	2622	250	1.0	-3.15	0.33	0.33	PerezEtal2015,ShennanEtal2018
UBA-26172	49.92	-6.31	1255	232	1.0	-1.16	0.33	0.33	PerezEtal2015,ShennanEtal2018
SUERC-39445	49.92	-6.29	1672	250	1.0	-1.45	0.33	0.33	PerezEtal2015,ShennanEtal2018
SUERC-39447	49.92	-6.31	1273	233	1.0	-0.17	0.33	0.33	PerezEtal2015,ShennanEtal2018
SUERC-39448	49.92	-6.31	1922	297	1.0	-0.39	0.33	0.33	PerezEtal2015,ShennanEtal2018
SUERC-39452	49.92	-6.31	703	175	1.0	-1.36	0.33	0.33	PerezEtal2015,ShennanEtal2018
SUERC-39453	49.92	-6.31	2543	224	1.0	-2.59	0.33	0.33	PerezEtal2015,ShennanEtal2018
