UC-246215	57.21	-5.98	15327	274	-1.0	18.25	1.12	1.12	BestEtal2022,ShennanEtal2018
UC-219844	57.24	-5.92	14763	321	-1.0	4.03	2.0	2.0	BestEtal2022,ShennanEtal2018
UC-219843	57.24	-5.92	14716	329	-1.0	3.93	2.0	2.0	BestEtal2022,ShennanEtal2018
UC-208351	57.22	-5.94	12304	386	1.0	10.96	0.41	0.41	BestEtal2022,ShennanEtal2018
UC-208352	57.22	-5.94	13303	454	1.0	10.96	0.41	0.41	BestEtal2022,ShennanEtal2018
Beta-92171	57.32	-6.11	4407	454	0.0	2.24	0.6	0.6	SelbySmith2007,ShennanEtal2018
UC-208222	57.22	-5.94	14628	324	-1.0	12.99	1.0	1.0	BestEtal2022,ShennanEtal2018
UC-200639	57.22	-5.94	14632	329	-1.0	12.99	1.0	1.0	BestEtal2022,ShennanEtal2018
UC-200638	57.22	-5.94	13795	259	1.0	10.96	0.41	0.41	BestEtal2022,ShennanEtal2018
Beta-113152	57.14	-5.96	3242	292	0.0	2.72	1.0	1.0	SelbyEtal2000,ShennanEtal2018
UC-208392	57.23	-5.94	13158	217	1.0	7.5	2.0	2.0	BestEtal2022,ShennanEtal2018
Beta-92166	57.14	-5.96	8590	609	0.0	3.22	1.0	1.0	SelbyEtal2000,ShennanEtal2018
GU-15995	57.35	-6.08	10840	321	0.0	-2.66	0.21	0.21	CresseyEtal2010,ShennanEtal2018
Beta-83735	57.32	-6.11	8885	346	0.0	1.82	0.6	0.6	SelbySmith2007,ShennanEtal2018
GU-15996	57.35	-6.08	10456	229	0.0	-2.66	0.21	0.21	CresseyEtal2010,ShennanEtal2018
GU-15997	57.35	-6.08	10853	321	0.0	-2.68	0.21	0.21	CresseyEtal2010,ShennanEtal2018
GU-15998	57.35	-6.08	9918	304	0.0	-2.86	0.21	0.21	CresseyEtal2010,ShennanEtal2018
GU-15999	57.35	-6.08	10630	362	0.0	-2.9	0.21	0.21	CresseyEtal2010,ShennanEtal2018
GU-16001	57.35	-6.08	9840	298	0.0	-2.88	0.21	0.21	CresseyEtal2010,ShennanEtal2018
GU-16002	57.35	-6.08	9299	241	0.0	-2.88	0.21	0.21	CresseyEtal2010,ShennanEtal2018
GU-17165	57.35	-6.08	9588	286	0.0	-3.0	0.21	0.21	CresseyEtal2010,ShennanEtal2018
GU-16000	57.35	-6.08	10840	321	0.0	-2.9	0.21	0.21	CresseyEtal2010,ShennanEtal2018
Beta-105028	57.14	-5.96	3355	278	0.0	3.22	1.0	1.0	SelbyEtal2000,ShennanEtal2018
Beta-92170	57.14	-5.96	9976	422	0.0	2.72	1.0	1.0	SelbyEtal2000,ShennanEtal2018
Beta-92169	57.14	-5.96	11862	603	1.0	2.14	1.0	1.0	SelbyEtal2000,ShennanEtal2018
Beta-105029	57.14	-5.96	6210	249	0.0	3.22	1.0	1.0	SelbyEtal2000,ShennanEtal2018
Beta-92168	57.14	-5.96	3530	291	0.0	2.72	1.0	1.0	SelbyEtal2000,ShennanEtal2018
Beta-83734	57.32	-6.11	4831	378	0.0	2.17	0.6	0.6	SelbySmith2007,ShennanEtal2018
GU-17166	57.35	-6.08	9166	289	0.0	-3.0	0.21	0.21	CresseyEtal2010,ShennanEtal2018
Beta-92172	57.32	-6.11	7478	207	0.0	1.95	0.6	0.6	SelbySmith2007,ShennanEtal2018
