AAR-1913	54.33	12.17	717	216	-1.0	-17.3	1.118033988749895	1.118033988749895	BennikeJensen1998,RosentauEtal2021
K-6035	54.33	12.17	12358	399	1.0	-18.7	1.118033988749895	1.118033988749895	JensenEtal1997,RosentauEtal2021
AAR-1556	54.58	12.5	475	160	-1.0	-15.9	1.118033988749895	1.118033988749895	BennikeJensen1998,RosentauEtal2021
AAR-1716	54.58	12.5	1004	285	-1.0	-16.0	1.118033988749895	1.118033988749895	BennikeJensen1998,RosentauEtal2021
AAR-2285	54.49	11.99	6812	297	-1.0	-17.3	1.118033988749895	1.118033988749895	BennikeJensen1998,RosentauEtal2021
AAR-2286	54.49	11.89	1918	276	-1.0	-14.9	1.118033988749895	1.118033988749895	BennikeJensen1998,RosentauEtal2021
AAR-2287	54.51	11.9	2300	289	-1.0	-12.3	1.118033988749895	1.118033988749895	BennikeJensen1998,RosentauEtal2021
AAR-2288	54.48	12.06	5664	265	-1.0	-16.1	1.118033988749895	1.118033988749895	BennikeJensen1998,RosentauEtal2021
AAR-2373	54.37	12.11	8704	262	1.0	-20.6	1.118033988749895	1.118033988749895	BennikeJensen1998,RosentauEtal2021
AAR-2650	54.4	12.01	10429	197	0.0	-19.7	1.2247448713915892	1.2247448713915892	BennikeJensen1998,RosentauEtal2021
AAR-2376	54.42	11.98	8648	296	-1.0	-22.3	1.118033988749895	1.118033988749895	BennikeJensen1998,RosentauEtal2021
K-6034	54.33	12.17	12338	403	1.0	-18.6	1.118033988749895	1.118033988749895	JensenEtal1997,RosentauEtal2021
AAR-2377	54.57	12.25	10106	395	-1.0	-24.6	1.118033988749895	1.118033988749895	BennikeJensen1998,RosentauEtal2021
AAR-2378	54.57	12.08	12952	189	1.0	-16.5	1.118033988749895	1.118033988749895	JensenEtal1997,RosentauEtal2021
AAR-2379	54.57	12.08	12406	364	1.0	-15.2	1.118033988749895	1.118033988749895	JensenEtal1997,RosentauEtal2021
AAR-2380-1	54.65	12.16	10604	362	-1.0	-19.5	1.118033988749895	1.118033988749895	BennikeJensen1998,RosentauEtal2021
AAR-2380-2	54.65	12.16	10664	385	-1.0	-19.5	1.118033988749895	1.118033988749895	BennikeJensen1998,RosentauEtal2021
AAR-1919	54.4	12.01	11514	308	1.0	-20.5	1.118033988749895	1.118033988749895	BennikeJensen1998,RosentauEtal2021
AAR-1918	54.4	12.01	12055	831	1.0	-21.6	1.118033988749895	1.118033988749895	JensenEtal1997,RosentauEtal2021
K-6338	54.43	12.04	12058	583	1.0	-19.6	1.118033988749895	1.118033988749895	JensenEtal1997,RosentauEtal2021
AAR-2651	54.37	12.11	8804	201	-1.0	-20.6	1.118033988749895	1.118033988749895	BennikeJensen1998,RosentauEtal2021
K-6341	54.37	12.11	8691	295	1.0	-20.6	1.118033988749895	1.118033988749895	BennikeJensen1998,RosentauEtal2021
AAR-3702	54.4	12.01	11752	340	1.0	-20.7	1.118033988749895	1.118033988749895	BennikeJensen1998,RosentauEtal2021
K-6033	54.33	12.17	11813	554	1.0	-18.4	1.118033988749895	1.118033988749895	JensenEtal1997,RosentauEtal2021
