Lesozavodskiy-8	66.81	32.54	11793	869	0.0	104.0	4.449699766276372	4.449699766276372	KolkaEtal2005,BaranskayaEtal2018
Lesozavodskiy-6	66.73	32.71	10614	488	0.0	72.0	4.449699766276372	4.449699766276372	KolkaEtal2005,BaranskayaEtal2018
Lesozavodskiy-5	66.72	32.77	10450	588	0.0	60.0	4.449699766276372	4.449699766276372	KolkaEtal2005,BaranskayaEtal2018
Lesozavodskiy-7	66.73	32.73	11800	637	0.0	88.0	4.449699766276372	4.449699766276372	KolkaEtal2005,BaranskayaEtal2018
Lesozavodskiy-4	66.72	32.8	8701	440	0.0	51.3	4.449699766276372	4.449699766276372	KolkaEtal2005,BaranskayaEtal2018
Lesozavodskiy-2	66.72	32.69	5773	411	0.0	30.0	4.449699766276372	4.449699766276372	KolkaEtal2005,BaranskayaEtal2018
Lesozavodskiy-1	66.76	32.81	2048	396	0.0	7.6	4.449699766276372	4.449699766276372	KolkaEtal2005,BaranskayaEtal2018
LU-162B	66.7	31.5	8973	1236	-1.0	55.0	1.7846848461283016	1.7846848461283016	KoshechkinEtal1973,BaranskayaEtal2018
LU-172A	66.68	31.44	8847	410	-1.0	55.0	0.972111104761179	0.972111104761179	ArslanovEtal1974,BaranskayaEtal2018
LU-172B	66.68	31.44	8771	550	-1.0	55.0	0.972111104761179	0.972111104761179	ArslanovEtal1974,BaranskayaEtal2018
Lesozavodskiy-3	66.77	32.66	6824	407	0.0	38.0	4.449699766276372	4.449699766276372	KolkaEtal2005,BaranskayaEtal2018
LU-177B	66.88	32.41	9395	491	-1.0	55.0	0.972111104761179	0.972111104761179	ArslanovEtal1974,BaranskayaEtal2018
LU-177A	66.88	32.41	9608	615	-1.0	55.0	0.972111104761179	0.972111104761179	ArslanovEtal1974,BaranskayaEtal2018
