Beta-389722	62.6682099704328	6.27123819054503	7553	58	1.0	8.19	0.46	0.4635879093400053	BondevikEtal2019,CreelEtal2022
T-11248A	62.3286	5.71	11272	608	0.0	6.44	1.52	1.5173938764459085	BondevikEtal1997,CreelEtal2022
T-10594A	62.4652	6.27	8247	260	1.0	15.07	1.26	1.2633686278062508	BondevikEtal1997,CreelEtal2022
T-4380	62.4839	6.51	14403	884	0.0	44.55	1.77	1.7665798478609873	SvendsenMangerud1987,CreelEtal2022
T-4966A	62.3286	5.71	12199	975	-1.0	6.2	1.2	1.2033070693356238	SvendsenMangerud1990,CreelEtal2022
Beta-389721	62.6682099704328	6.27123819054503	6980	169	1.0	8.39	0.46	0.4635879093400053	BondevikEtal2019,CreelEtal2022
T-4969A	62.3286	5.71	12771	800	-1.0	6.2	1.2	1.2033070693356238	SvendsenMangerud1990,CreelEtal2022
T-5145A	62.3307	5.65	12257	481	-1.0	2.5	1.2	1.2048994258590757	SvendsenMangerud1990,CreelEtal2022
T-4968IIA	62.3329	5.72	14597	685	0.0	18.04	1.59	1.5858818299821988	SvendsenMangerud1990,CreelEtal2022
Beta-482271	62.6682099704328	6.27123819054503	6437	222	1.0	8.57	0.65	0.6518540861927898	BondevikEtal2019,CreelEtal2022
T-830	62.666666666666664	6.216666666666667	9308	325	1.0	8.08	1.85	1.8543529516532957	Nydal1972,CreelEtal2022
Beta-472536	62.6682099704328	6.27123819054503	7061	100	1.0	8.69	0.46	0.4635879093400053	BondevikEtal2019,CreelEtal2022
Beta-472535	62.6682099704328	6.27123819054503	7055	110	1.0	8.39	0.65	0.6518540861927898	BondevikEtal2019,CreelEtal2022
Beta-472534	62.6682099704328	6.27123819054503	7079	95	1.0	8.39	0.65	0.6518540861927898	BondevikEtal2019,CreelEtal2022
Beta-482272	62.6682099704328	6.27123819054503	7085	265	1.0	8.37	0.65	0.6518540861927898	BondevikEtal2019,CreelEtal2022
Beta-472533	62.6682099704328	6.27123819054503	7162	107	1.0	8.39	0.65	0.6518540861927898	BondevikEtal2019,CreelEtal2022
T-827	62.666666666666664	6.216666666666667	10766	462	0.0	9.03	2.1	2.087811440730455	Nydal1972,CreelEtal2022
T-831	62.666666666666664	6.216666666666667	8095	270	1.0	8.08	1.85	1.8543529516532957	Nydal1972,CreelEtal2022
T-5149	62.3307	5.65	15494	989	-1.0	2.5	1.2	1.2048994258590757	SvendsenMangerud1990,CreelEtal2022
T-5147A	62.335732	5.642324	14251	708	0.0	12.44	1.56	1.5604349356382117	SvendsenMangerud1990,CreelEtal2022
T-5150	62.3318	5.64	13827	667	-1.0	2.5	1.2	1.2048085753509745	SvendsenMangerud1990,CreelEtal2022
T-828	62.666666666666664	6.216666666666667	9997	412	1.0	8.08	1.85	1.8543529516532957	Nydal1972,CreelEtal2022
T-5146A	62.3231	5.7	14529	1078	1.0	22.11	1.31	1.310598409737419	SvendsenMangerud1990,CreelEtal2022
Beta-415028	62.6682099704328	6.27123819054503	7055	110	1.0	8.39	0.65	0.6518540861927898	BondevikEtal2019,CreelEtal2022
T-829	62.666666666666664	6.216666666666667	9251	443	1.0	8.08	1.85	1.8543529516532957	Nydal1972,CreelEtal2022
T-5148A	62.279274	5.816113	13460	540	0.0	19.24	1.6	1.6032422522919176	SvendsenMangerud1990,CreelEtal2022
Beta-415029	62.6682099704328	6.27123819054503	7504	65	1.0	8.39	0.65	0.6518540861927898	BondevikEtal2019,CreelEtal2022
Beta-431633	62.6682099704328	6.27123819054503	7356	71	1.0	8.39	0.65	0.6518540861927898	BondevikEtal2019,CreelEtal2022
Beta-415031	62.6682099704328	6.27123819054503	7396	62	1.0	8.39	0.65	0.6518540861927898	BondevikEtal2019,CreelEtal2022
Beta-428843	62.6682099704328	6.27123819054503	7136	123	1.0	8.39	0.46	0.4635879093400053	BondevikEtal2019,CreelEtal2022
Beta-428842	62.6682099704328	6.27123819054503	6061	117	1.0	8.39	0.65	0.6518540861927898	BondevikEtal2019,CreelEtal2022
Beta-428841	62.6682099704328	6.27123819054503	6061	117	1.0	8.39	0.46	0.4635879093400053	BondevikEtal2019,CreelEtal2022
Beta-428840	62.6682099704328	6.27123819054503	7598	70	1.0	8.19	0.46	0.4635879093400053	BondevikEtal2019,CreelEtal2022
Beta-428839	62.6682099704328	6.27123819054503	6480	76	1.0	8.69	0.46	0.4635879093400053	BondevikEtal2019,CreelEtal2022
Beta-428313	62.6682099704328	6.27123819054503	9404	253	1.0	8.17	0.65	0.6518540861927898	BondevikEtal2019,CreelEtal2022
Beta-458883	62.6682099704328	6.27123819054503	7356	71	1.0	8.39	0.65	0.6518540861927898	BondevikEtal2019,CreelEtal2022
Beta-458884	62.6682099704328	6.27123819054503	7345	76	1.0	8.39	0.65	0.6518540861927898	BondevikEtal2019,CreelEtal2022
Beta-458882	62.6682099704328	6.27123819054503	7132	114	1.0	8.69	0.46	0.4635879093400053	BondevikEtal2019,CreelEtal2022
Beta-458885	62.6682099704328	6.27123819054503	7605	70	1.0	8.39	0.65	0.6518540861927898	BondevikEtal2019,CreelEtal2022
Beta-458887	62.6682099704328	6.27123819054503	7036	120	1.0	8.19	0.46	0.4635879093400053	BondevikEtal2019,CreelEtal2022
Beta-458888	62.6682099704328	6.27123819054503	7242	71	1.0	8.39	0.46	0.4635879093400053	BondevikEtal2019,CreelEtal2022
Beta-458891	62.6682099704328	6.27123819054503	5571	76	1.0	8.69	0.46	0.4635879093400053	BondevikEtal2019,CreelEtal2022
Beta-415030	62.6682099704328	6.27123819054503	7426	84	1.0	8.39	0.65	0.6518540861927898	BondevikEtal2019,CreelEtal2022
T-293	62.46666666666667	6.25	9251	702	0.0	0.54	1.54	1.5400651727166343	Nydal1962,CreelEtal2022
B1998-notlisted-1	62.3333	5.7	7506	227	0.0	6.44	1.52	1.5173646020538964	BondevikEtal1998,CreelEtal2022
Beta-458892	62.6682099704328	6.27123819054503	7300	119	1.0	8.39	0.65	0.6518540861927898	BondevikEtal2019,CreelEtal2022
Beta-458894	62.6682099704328	6.27123819054503	7031	125	1.0	8.69	0.46	0.4635879093400053	BondevikEtal2019,CreelEtal2022
Beta-458886	62.6682099704328	6.27123819054503	7721	79	1.0	8.39	0.65	0.6518540861927898	BondevikEtal2019,CreelEtal2022
T-3983A	62.4337	6.25	11159	643	-1.0	5.5	1.19	1.1924431233251171	SvendsenMangerud1987,CreelEtal2022
B1998-notlisted-2	62.3333	5.7	5732	377	0.0	6.44	1.52	1.5173646020538964	BondevikEtal1998,CreelEtal2022
T-3982A	62.4337	6.25	4829	456	0.0	5.54	1.54	1.5449532260291774	SvendsenMangerud1987,CreelEtal2022
Beta-428853	62.6682099704328	6.27123819054503	6137	124	1.0	8.39	0.65	0.6518540861927898	BondevikEtal2019,CreelEtal2022
Beta-428852	62.6682099704328	6.27123819054503	7019	140	1.0	8.39	0.65	0.6518540861927898	BondevikEtal2019,CreelEtal2022
Beta-446624	62.6682099704328	6.27123819054503	9359	230	1.0	8.17	0.65	0.6518540861927898	BondevikEtal2019,CreelEtal2022
Beta-446625	62.6682099704328	6.27123819054503	8619	277	1.0	8.37	0.65	0.6518540861927898	BondevikEtal2019,CreelEtal2022
Beta-428851	62.6682099704328	6.27123819054503	7036	120	1.0	8.39	0.65	0.6518540861927898	BondevikEtal2019,CreelEtal2022
Beta-446626	62.6682099704328	6.27123819054503	8222	191	1.0	8.37	0.65	0.6518540861927898	BondevikEtal2019,CreelEtal2022
Beta-428850	62.6682099704328	6.27123819054503	6859	93	1.0	8.39	0.65	0.6518540861927898	BondevikEtal2019,CreelEtal2022
Beta-428849	62.6682099704328	6.27123819054503	5881	111	1.0	8.69	0.46	0.4635879093400053	BondevikEtal2019,CreelEtal2022
Beta-428847	62.6682099704328	6.27123819054503	6827	89	1.0	8.39	0.65	0.6518540861927898	BondevikEtal2019,CreelEtal2022
Beta-428846	62.6682099704328	6.27123819054503	7469	99	1.0	8.39	0.65	0.6518540861927898	BondevikEtal2019,CreelEtal2022
T-3553B	62.4296	6.24	13669	340	0.0	35.04	1.69	1.690977717422538	LieEtal1983,KristiansenEtal1988,CreelEtal2022
Beta-428845	62.6682099704328	6.27123819054503	7727	98	1.0	8.19	0.46	0.4635879093400053	BondevikEtal2019,CreelEtal2022
Beta-428844	62.6682099704328	6.27123819054503	7844	86	1.0	8.19	0.46	0.4635879093400053	BondevikEtal2019,CreelEtal2022
Vedde_ash	62.4852	6.51	12392	493	0.0	34.55	1.72	1.7151813520315977	SvendsenMangerud1987,CreelEtal2022
Vedde_ash_interp	62.5214	6.64	12628	408	0.0	40.94	1.74	1.7421969190851383	SvendsenMangerud1987,CreelEtal2022
T-3553A	62.4296	6.24	13690	301	0.0	35.04	1.69	1.690977717422538	LieEtal1983,KristiansenEtal1988,CreelEtal2022
T-3552B	62.4283	6.25	11203	494	0.0	23.34	1.64	1.6358683928542903	LieEtal1983,CreelEtal2022
T-3957A	62.4679	6.3	14949	828	0.0	44.04	1.73	1.7333972794010517	LieEtal1983,KristiansenEtal1988,CreelEtal2022
T-3958A	62.4292	6.24	13070	297	0.0	30.04	1.67	1.6664040233429462	LieEtal1983,KristiansenEtal1988,CreelEtal2022
Beta-458895	62.6682099704328	6.27123819054503	7300	119	1.0	8.39	0.65	0.6518540861927898	BondevikEtal2019,CreelEtal2022
Beta-428312	62.6682099704328	6.27123819054503	7781	184	1.0	8.37	0.65	0.6518540861927898	BondevikEtal2019,CreelEtal2022
T-4162	62.4325	6.28	8296	256	1.0	11.56	1.24	1.244493475432907	BondevikEtal1997,CreelEtal2022
Beta-458896	62.6682099704328	6.27123819054503	7248	69	1.0	8.39	0.65	0.6518540861927898	BondevikEtal2019,CreelEtal2022
Beta-468571	62.6682099704328	6.27123819054503	7510	68	1.0	8.19	0.46	0.4635879093400053	BondevikEtal2019,CreelEtal2022
Beta-468572	62.6682099704328	6.27123819054503	7452	107	1.0	8.19	0.46	0.4635879093400053	BondevikEtal2019,CreelEtal2022
Beta-427480	62.6682099704328	6.27123819054503	10462	227	1.0	8.17	0.65	0.6518540861927898	BondevikEtal2019,CreelEtal2022
Beta-472527	62.6682099704328	6.27123819054503	7019	140	1.0	8.19	0.46	0.4635879093400053	BondevikEtal2019,CreelEtal2022
Beta-472528	62.6682099704328	6.27123819054503	6984	169	1.0	8.39	0.65	0.6518540861927898	BondevikEtal2019,CreelEtal2022
Beta-472529	62.6682099704328	6.27123819054503	6212	79	1.0	8.39	0.65	0.6518540861927898	BondevikEtal2019,CreelEtal2022
Beta-472530	62.6682099704328	6.27123819054503	6061	117	1.0	8.39	0.65	0.6518540861927898	BondevikEtal2019,CreelEtal2022
Beta-427476	62.6682099704328	6.27123819054503	6293	260	1.0	8.19	0.46	0.4635879093400053	BondevikEtal2019,CreelEtal2022
Beta-389714	62.6682099704328	6.27123819054503	7496	65	1.0	8.19	0.46	0.4635879093400053	BondevikEtal2019,CreelEtal2022
Beta-468570	62.6682099704328	6.27123819054503	7515	67	1.0	8.19	0.46	0.4635879093400053	BondevikEtal2019,CreelEtal2022
Beta-472531	62.6682099704328	6.27123819054503	6260	46	1.0	8.69	0.46	0.4635879093400053	BondevikEtal2019,CreelEtal2022
Beta-389716	62.6682099704328	6.27123819054503	7504	65	1.0	8.19	0.46	0.4635879093400053	BondevikEtal2019,CreelEtal2022
Beta-389717	62.6682099704328	6.27123819054503	7463	102	1.0	8.39	0.65	0.6518540861927898	BondevikEtal2019,CreelEtal2022
Beta-389718	62.6682099704328	6.27123819054503	7249	71	1.0	8.69	0.46	0.4635879093400053	BondevikEtal2019,CreelEtal2022
Beta-389719	62.6682099704328	6.27123819054503	7262	86	1.0	8.19	0.46	0.4635879093400053	BondevikEtal2019,CreelEtal2022
Beta-389720	62.6682099704328	6.27123819054503	7061	100	1.0	8.69	0.46	0.4635879093400053	BondevikEtal2019,CreelEtal2022
Beta-415037	62.6682099704328	6.27123819054503	7300	119	1.0	8.19	0.46	0.4635879093400053	BondevikEtal2019,CreelEtal2022
Beta-415036	62.6682099704328	6.27123819054503	7362	64	1.0	8.39	0.65	0.6518540861927898	BondevikEtal2019,CreelEtal2022
Beta-472532	62.6682099704328	6.27123819054503	6900	91	1.0	8.19	0.46	0.4635879093400053	BondevikEtal2019,CreelEtal2022
Beta-415035	62.6682099704328	6.27123819054503	7473	90	1.0	8.39	0.65	0.6518540861927898	BondevikEtal2019,CreelEtal2022
Beta-389715	62.6682099704328	6.27123819054503	4502	76	1.0	8.69	0.46	0.4635879093400053	BondevikEtal2019,CreelEtal2022
Beta-468569	62.6682099704328	6.27123819054503	7605	70	1.0	8.19	0.46	0.4635879093400053	BondevikEtal2019,CreelEtal2022
T-4379A	62.5091	6.63	11882	594	0.0	37.95	1.73	1.7317949169922355	SvendsenMangerud1987,CreelEtal2022
Beta-458898	62.6682099704328	6.27123819054503	7396	62	1.0	8.19	0.46	0.4635879093400053	BondevikEtal2019,CreelEtal2022
Beta-458901	62.6682099704328	6.27123819054503	6980	169	1.0	8.39	0.46	0.4635879093400053	BondevikEtal2019,CreelEtal2022
Beta-389704	62.6682099704328	6.27123819054503	6049	116	1.0	8.69	0.46	0.4635879093400053	BondevikEtal2019,CreelEtal2022
Beta-389705	62.6682099704328	6.27123819054503	6044	116	1.0	8.39	0.46	0.4635879093400053	BondevikEtal2019,CreelEtal2022
Beta-427479	62.6682099704328	6.27123819054503	7594	186	1.0	8.37	0.65	0.6518540861927898	BondevikEtal2019,CreelEtal2022
Beta-458899	62.6682099704328	6.27123819054503	6634	103	1.0	8.39	0.65	0.6518540861927898	BondevikEtal2019,CreelEtal2022
Beta-389706	62.6682099704328	6.27123819054503	6607	93	1.0	8.19	0.46	0.4635879093400053	BondevikEtal2019,CreelEtal2022
Beta-389708	62.6682099704328	6.27123819054503	5460	124	1.0	8.39	0.46	0.4635879093400053	BondevikEtal2019,CreelEtal2022
Beta-389709	62.6682099704328	6.27123819054503	7055	110	1.0	8.39	0.46	0.4635879093400053	BondevikEtal2019,CreelEtal2022
Beta-427478	62.6682099704328	6.27123819054503	9259	232	1.0	8.17	0.65	0.6518540861927898	BondevikEtal2019,CreelEtal2022
Beta-458900	62.6682099704328	6.27123819054503	7411	73	1.0	8.19	0.46	0.4635879093400053	BondevikEtal2019,CreelEtal2022
Beta-468568	62.6682099704328	6.27123819054503	7504	65	1.0	8.19	0.46	0.4635879093400053	BondevikEtal2019,CreelEtal2022
Beta-389711	62.6682099704328	6.27123819054503	5547	61	1.0	8.69	0.46	0.4635879093400053	BondevikEtal2019,CreelEtal2022
Beta-389712	62.6682099704328	6.27123819054503	7031	126	1.0	8.19	0.46	0.4635879093400053	BondevikEtal2019,CreelEtal2022
Beta-458897	62.6682099704328	6.27123819054503	7362	64	1.0	8.39	0.65	0.6518540861927898	BondevikEtal2019,CreelEtal2022
Beta-427477	62.6682099704328	6.27123819054503	7691	211	1.0	8.37	0.65	0.6518540861927898	BondevikEtal2019,CreelEtal2022
Beta-389713	62.6682099704328	6.27123819054503	7127	113	1.0	8.69	0.46	0.4635879093400053	BondevikEtal2019,CreelEtal2022
Beta-468567	62.6682099704328	6.27123819054503	7411	73	1.0	8.19	0.46	0.4635879093400053	BondevikEtal2019,CreelEtal2022
