GX-13970	43.99	-59.89	9003	530	0.0	-35.1	2.0	2.0	ScottEtal1989,VacchiEtal2018
GX-13969	43.99	-59.89	9509	855	1.0	-32.3	2.0	2.0	ScottEtal1989,VacchiEtal2018
GX-13485	44.01	-59.88	11594	819	1.0	-40.1	2.0	2.0	ScottEtal1989,VacchiEtal2018
TO-367	43.85	-60.33	10732	340	1.0	-50.5	0.8	0.8	AmosMiller1990,VacchiEtal2018
TO-365	43.85	-60.33	12367	351	1.0	-42.0	0.6	0.6	AmosMiller1990,VacchiEtal2018
GX-8157	43.93	-60.0	5231	639	0.0	-13.3	0.7	0.7	ScottEtal1984,VacchiEtal2018
GX-8155	43.93	-60.0	4396	393	0.0	-10.9	0.7	0.7	ScottEtal1984,VacchiEtal2018
GX-8150	43.93	-60.0	520	197	1.0	-1.0	0.6	0.6	ScottEtal1984,VacchiEtal2018
RIDDL-1083	43.99	-59.89	7510	272	-1.0	-33.0	2.0	2.0	VacchiEtal2018,VacchiEtal2018
GX-13971	43.99	-59.89	9414	309	1.0	-34.9	2.0	2.0	ScottEtal1989,VacchiEtal2018
