Poz-43545	65.045	-22.727	7129	274	0.0	-0.2	0.3	0.3	BraderEtal2015
GU-14474	65.454	-22.28	2435	288	0.0	1.0	0.3	0.3	LloydEtal2009
GU-14335	65.53	-22.077	11547	314	0.0	39.1	0.3	0.3	LloydEtal2009
Poz-15682	65.53	-22.077	10980	309	0.0	38.6	0.3	0.3	LloydEtal2009
Poz-15684	65.551	-22.105	13317	233	0.0	49.1	0.3	0.3	LloydEtal2009
Hafrafellsvatn-01	65.505	-22.046	10114	436	0.0	22.2	0.3	0.3	IngolfssonEtal1995,LloydEtal2009
Poz-43546	65.059	-22.712	11053	337	0.0	3.2	0.3	0.3	BraderEtal2015
Poz-43547	65.005	-22.718	12507	319	0.0	14.1	0.3	0.3	BraderEtal2015
Estimated	65.54	-22.092	14329	525	0.0	77.1	0.3	0.3	LloydEtal2009
GU-13956	65.543	-22.085	12342	361	1.0	91.6	0.3	0.3	LloydEtal2009
Poz-15683	65.444	-22.225	3313	270	0.0	1.0	0.3	0.3	LloydEtal2009
SUERC-47981	65.039	-22.74	11472	319	0.0	10.6	0.3	0.3	BraderEtal2015
SUERC-47976	65.045	-22.727	9951	305	0.0	0.9	0.3	0.3	BraderEtal2015
SUERC-47977	65.047	-22.786	11545	311	0.0	2.6	0.3	0.3	BraderEtal2015
SUERC-47983	65.018	-22.696	12310	368	0.0	6.8	0.3	0.3	BraderEtal2015
