325-M0035A-11R-1W_32-33	-19.67	150.24	17434	24	0.0	-117.505	10.9	0.9	YokoyamaEtal2018
325-M0035A-11R-1W_40-48	-19.67	150.24	17619	20	0.0	-117.61999999999999	10.9	0.9	YokoyamaEtal2018
325-M0035A-11R-CCW_0-3	-19.67	150.24	17495	44	0.0	-117.695	10.9	0.9	YokoyamaEtal2018
325-M0035A-12R-1W_62-64	-19.67	150.24	17624	34	0.0	-119.31	10.1	0.1	YokoyamaEtal2018
SANU-24605	-19.68	150.24	26674	541	0.0	-107.895	10.19	0.19	YokoyamaEtal2018
325-M0035A-13R-1W_40-46	-19.67	150.24	17377	28	0.0	-120.00999999999999	10.65	0.65	YokoyamaEtal2018
325-M0035A-11R-1W_15-18	-19.67	150.24	17906	268	0.0	-117.345	10.9	0.9	YokoyamaEtal2018
SANU-24531	-19.68	150.24	15017	499	-1.0	-93.785	1.07	1.07	YokoyamaEtal2018
SANU-20627	-19.68	150.24	17508	585	0.0	-98.38	5.07	0.07	YokoyamaEtal2018
SANU-20630	-19.68	150.24	17957	565	0.0	-100.7	5.86	0.86	YokoyamaEtal2018
SANU-20629	-19.68	150.24	18126	563	0.0	-100.85	5.86	0.86	YokoyamaEtal2018
SANU-24538	-19.68	150.24	25649	491	0.0	-106.83	10.94	0.94	YokoyamaEtal2018
SANU-24537	-19.68	150.24	17090	911	0.0	-101.85	11.1	1.1	YokoyamaEtal2018
SANU-24525	-19.67	150.24	20147	551	0.0	-115.03999999999999	10.48	0.48	YokoyamaEtal2018
SANU-24524	-19.67	150.24	17184	898	-1.0	-105.72999999999999	1.41	1.41	YokoyamaEtal2018
SANU-24509	-19.67	150.24	20099	549	0.0	-115.03999999999999	10.48	0.48	YokoyamaEtal2018
SANU-24536	-19.68	150.24	16740	728	0.0	-100.525	5.86	0.86	YokoyamaEtal2018
SANU-24532	-19.68	150.24	15659	423	-1.0	-95.29	1.07	1.07	YokoyamaEtal2018
SANU-24533	-19.68	150.24	16374	442	0.0	-96.63	11.1	1.1	YokoyamaEtal2018
SANU-24507	-19.67	150.24	17178	905	-1.0	-105.72	1.41	1.41	YokoyamaEtal2018
SANU-20632	-19.68	150.24	26003	332	0.0	-106.62	10.94	0.94	YokoyamaEtal2018
SANU-20631	-19.68	150.24	18801	489	0.0	-104.91	5.82	0.82	YokoyamaEtal2018
SANU-24535	-19.68	150.24	16650	651	0.0	-96.725	11.1	1.1	YokoyamaEtal2018
325-M0035A-14R-1W_3-7	-19.67	150.24	18368	6	0.0	-121.03	10.94	0.94	YokoyamaEtal2018
SANU-20625	-19.68	150.24	13450	520	0.0	-72.16	41.13	1.13	YokoyamaEtal2018
SANU-24601	-19.68	150.24	26300	502	0.0	-106.7	10.94	0.94	YokoyamaEtal2018
SANU-20626	-19.68	150.24	17118	934	-1.0	-95.38	1.07	1.07	YokoyamaEtal2018
YAUT-009505	-19.68	150.24	50795	960	-1.0	-122.095	2.53	2.53	YokoyamaEtal2018
325-M0035A-18R-1W_14-20	-19.67	150.24	20318	14	0.0	-127.14999999999999	10.95	0.95	YokoyamaEtal2018
325-M0036A-16R-1W_13-22	-19.67	150.24	18898	10	0.0	-125.675	11.2	1.2	YokoyamaEtal2018
SANU-14226	-19.67	150.24	20373	904	0.0	-119.635	10.84	0.84	YokoyamaEtal2018
SANU-14225	-19.67	150.24	15706	467	0.0	-108.025	60.85	0.85	YokoyamaEtal2018
SANU-14220	-19.67	150.24	20435	905	0.0	-118.29	10.68	0.68	YokoyamaEtal2018
SANU-14218	-19.67	150.24	21365	756	0.0	-119.42999999999999	10.1	0.1	YokoyamaEtal2018
SANU-14217	-19.67	150.24	17424	860	-1.0	-105.72999999999999	1.41	1.41	YokoyamaEtal2018
SANU-14214	-19.69	150.23	11412	303	0.0	-53.73	10.56	0.56	YokoyamaEtal2018
325-M0036A-16R-1W_0-5	-19.67	150.24	18995	10	0.0	-125.525	11.2	1.2	YokoyamaEtal2018
SANU-14213	-19.68	150.24	17895	933	0.0	-100.85	5.86	0.86	YokoyamaEtal2018
SANU-14211	-19.68	150.24	17424	860	0.0	-95.67	11.25	1.25	YokoyamaEtal2018
325-M0036A-16R-1W_6-10	-19.67	150.24	19041	10	0.0	-125.58	11.2	1.2	YokoyamaEtal2018
325-M0036A-17R-1W_22-32	-19.67	150.24	19638	10	0.0	-127.27	11.03	1.03	YokoyamaEtal2018
325-M0036A-17R-1W_22-32	-19.67	150.24	19908	8	0.0	-127.27	11.03	1.03	YokoyamaEtal2018
325-M0036A-17R-1W_22-32	-19.67	150.24	19947	10	0.0	-127.27	11.03	1.03	YokoyamaEtal2018
325-M0036A-18R-2W_0-5	-19.67	150.24	20383	24	0.0	-128.685	11.22	1.22	YokoyamaEtal2018
325-M0036A-18R-2W_8-10	-19.67	150.24	20700	400	0.0	-128.75	11.22	1.22	YokoyamaEtal2018
SANU-14212	-19.68	150.24	16251	467	-1.0	-95.38	1.07	1.07	YokoyamaEtal2018
325-M0035A-16R-2W_6-8	-19.67	150.24	19704	18	0.0	-124.05	11.08	1.08	YokoyamaEtal2018
325-M0036A-15R-2W_3-7	-19.67	150.24	18915	10	0.0	-124.28	11.17	1.17	YokoyamaEtal2018
SANU-24606	-19.68	150.24	26406	527	0.0	-109.025	10.67	0.67	YokoyamaEtal2018
325-M0035A-18R-1W_21-26	-19.67	150.24	20175	16	0.0	-127.21499999999999	10.95	0.95	YokoyamaEtal2018
325-M0035A-20R-2W_0-2	-19.67	150.24	21300	400	0.0	-109.60999999999999	83.06	1.06	YokoyamaEtal2018
325-M0036A-05R-1W_19-23	-19.67	150.24	11555	6	-1.0	-108.71	1.26	1.26	YokoyamaEtal2018
325-M0036A-08R-2W_6-9	-19.67	150.24	15840	8	-1.0	-113.225	1.2	1.2	YokoyamaEtal2018
325-M0036A-09R-1W_3-8	-19.67	150.24	16191	6	-1.0	-114.555	1.15	1.15	YokoyamaEtal2018
325-M0036A-09R-2W_4-10	-19.67	150.24	16201	6	-1.0	-114.82	1.15	1.15	YokoyamaEtal2018
325-M0036A-09R-2W_4-10	-19.67	150.24	18074	10	-1.0	-114.82	1.15	1.15	YokoyamaEtal2018
325-M0036A-14R-1W_18-22	-19.67	150.24	18247	8	0.0	-122.2	11.46	1.46	YokoyamaEtal2018
325-M0036A-11R-1W_40-50	-19.67	150.24	17059	8	0.0	-117.95	10.68	0.68	YokoyamaEtal2018
325-M0036A-11R-1W_9-18	-19.67	150.24	18105	36	0.0	-117.635	10.68	0.68	YokoyamaEtal2018
325-M0036A-11R-1W_9-18	-19.67	150.24	17002	10	0.0	-117.635	10.68	0.68	YokoyamaEtal2018
325-M0036A-11R-2W_2-10	-19.67	150.24	17269	8	0.0	-118.28	10.68	0.68	YokoyamaEtal2018
325-M0036A-12R-1W_1-4	-19.67	150.24	17264	8	0.0	-119.025	11.04	1.04	YokoyamaEtal2018
325-M0036A-13R-1W_9-12	-19.67	150.24	17743	10	0.0	-120.605	11.22	1.22	YokoyamaEtal2018
325-M0036A-13R-2W_0-3	-19.67	150.24	17426	8	0.0	-120.695	11.22	1.22	YokoyamaEtal2018
325-M0036A-13R-2W_6-9	-19.67	150.24	17554	8	0.0	-120.755	11.22	1.22	YokoyamaEtal2018
325-M0036A-11R-1W_40-50	-19.67	150.24	17075	32	0.0	-117.95	10.68	0.68	YokoyamaEtal2018
SANU-24607	-19.68	150.24	27113	536	0.0	-109.46000000000001	10.67	0.67	YokoyamaEtal2018
SANU-25229	-19.69	150.23	14067	689	0.0	-64.395	5.96	0.96	YokoyamaEtal2018
SANU-24610	-19.69	150.23	14067	664	0.0	-67.37	5.82	0.82	YokoyamaEtal2018
325-M0032A-09R-1W_11-16	-19.68	150.24	22904	234	0.0	-106.735	10.95	0.95	YokoyamaEtal2018
325-M0032A-09R-1W_16-24	-19.68	150.24	22891	50	0.0	-106.8	10.95	0.95	YokoyamaEtal2018
325-M0032A-10R-1W_18-20	-19.68	150.24	23487	294	0.0	-107.94999999999999	10.0	0.0	YokoyamaEtal2018
325-M0032A-10R-CCW_9-10	-19.68	150.24	22100	218	0.0	-108.255	10.0	0.0	YokoyamaEtal2018
325-M0032A-12R-CCW_5-7	-19.68	150.24	22096	222	-1.0	-110.25	1.84	1.84	YokoyamaEtal2018
325-M0032A-13R-1W_12-15	-19.68	150.24	24921	262	0.0	-112.235	31.59	1.59	YokoyamaEtal2018
325-M0032A-13R-CCW_9-12	-19.68	150.24	25408	250	0.0	-112.495	31.59	1.59	YokoyamaEtal2018
325-M0032A-14R-1W_4-7	-19.68	150.24	25502	260	0.0	-114.155	31.69	1.69	YokoyamaEtal2018
325-M0032A-09R-1W_11-16	-19.68	150.24	22856	24	0.0	-106.735	10.95	0.95	YokoyamaEtal2018
325-M0032A-14R-CCW_8-12	-19.68	150.24	25382	254	0.0	-114.35	31.69	1.69	YokoyamaEtal2018
325-M0032A-18R-2W_8-10	-19.68	150.24	61100	1600	-1.0	-121.22999999999999	1.84	1.84	YokoyamaEtal2018
325-M0032A-19R-1W_3-5	-19.68	150.24	61504	738	-1.0	-123.13999999999999	1.79	1.79	YokoyamaEtal2018
325-M0033A-03R-CCW_0-7	-19.68	150.24	14031	26	-1.0	-95.365	1.07	1.07	YokoyamaEtal2018
325-M0033A-04R-1W_12-18	-19.68	150.24	14369	70	0.0	-96.65	11.1	1.1	YokoyamaEtal2018
325-M0033A-05R-1W_116-121	-19.68	150.24	14956	40	0.0	-99.185	5.07	0.07	YokoyamaEtal2018
325-M0033A-05R-1W_68-74	-19.68	150.24	15024	34	0.0	-98.71	5.07	0.07	YokoyamaEtal2018
SANU-25232	-19.69	150.23	14051	711	0.0	-67.09	5.82	0.82	YokoyamaEtal2018
SANU-25231	-19.69	150.23	14113	661	0.0	-66.09	5.48	0.48	YokoyamaEtal2018
325-M0032A-16R-1W_12-15	-19.68	150.24	27349	272	-1.0	-117.235	1.73	1.73	YokoyamaEtal2018
SANU-25230	-19.69	150.23	14007	700	0.0	-65.69	5.48	0.48	YokoyamaEtal2018
325-M0032A-08R-2W_17-25	-19.68	150.24	15572	8	0.0	-105.25	11.25	1.25	YokoyamaEtal2018
325-M0032A-08R-2W_1-17	-19.68	150.24	15484	6	0.0	-105.13	11.25	1.25	YokoyamaEtal2018
325-M0030B-03R-1W_10-11	-19.68	150.24	12165	94	0.0	-88.805	22.82	2.82	YokoyamaEtal2018
325-M0030B-03R-1W_13-16	-19.68	150.24	12206	48	0.0	-88.845	22.82	2.82	YokoyamaEtal2018
325-M0031A-02R-1W_27-32	-19.68	150.24	13197	6	0.0	-94.19500000000001	22.58	2.58	YokoyamaEtal2018
SANU-25405	-19.69	150.23	14133	604	0.0	-67.625	5.82	0.82	YokoyamaEtal2018
SANU-25401	-19.68	150.24	17219	861	0.0	-98.82	5.07	0.07	YokoyamaEtal2018
SANU-25339	-19.68	150.24	15849	471	-1.0	-95.245	1.07	1.07	YokoyamaEtal2018
325-M0031A-02R-2W_5-10	-19.68	150.24	13238	4	0.0	-94.295	22.58	2.58	YokoyamaEtal2018
325-M0031A-07R-1W_16-24	-19.68	150.24	15088	6	0.0	-103.10000000000001	12.76	2.76	YokoyamaEtal2018
325-M0032A-08R-2W_17-25	-19.68	150.24	15477	6	0.0	-105.25	11.25	1.25	YokoyamaEtal2018
325-M0031A-07R-1W_16-24	-19.68	150.24	15159	8	0.0	-103.10000000000001	12.76	2.76	YokoyamaEtal2018
325-M0031A-08R-CCW_0-8	-19.68	150.24	15450	6	0.0	-106.37	12.45	2.45	YokoyamaEtal2018
325-M0031A-11R-1W_20-24	-19.68	150.24	24072	12	-1.0	-114.62	2.75	2.75	YokoyamaEtal2018
325-M0031A-11R-1W_4-9	-19.68	150.24	22392	16	-1.0	-114.465	2.75	2.75	YokoyamaEtal2018
325-M0031A-13R-1W_146-149	-19.68	150.24	25926	14	-1.0	-120.375	1.44	1.44	YokoyamaEtal2018
325-M0031A-16R-1W_0-3	-19.68	150.24	25100	400	-1.0	-127.915	2.95	2.95	YokoyamaEtal2018
325-M0032A-08R-2W_1-17	-19.68	150.24	15460	6	0.0	-105.13	11.25	1.25	YokoyamaEtal2018
325-M0032A-08R-2W_1-17	-19.68	150.24	15329	8	0.0	-105.13	11.25	1.25	YokoyamaEtal2018
325-M0032A-08R-2W_1-17	-19.68	150.24	15611	8	0.0	-105.13	11.25	1.25	YokoyamaEtal2018
325-M0031A-08R-1W_36-41	-19.68	150.24	15282	8	0.0	-106.28500000000001	12.45	2.45	YokoyamaEtal2018
SANU-24609	-19.69	150.23	13664	600	0.0	-65.75999999999999	5.48	0.48	YokoyamaEtal2018
325-M0039A-01R-1W_40-46	-19.67	150.24	12703	38	0.0	-107.91000000000001	60.85	0.85	YokoyamaEtal2018
SANU-25226	-19.69	150.23	12865	439	0.0	-57.44	10.89	0.89	YokoyamaEtal2018
325-M0034A-01R-1W_26-34	-19.69	150.23	10316	90	0.0	-53.199999999999996	10.56	0.56	YokoyamaEtal2018
325-M0034A-09R-1W_78-85	-19.69	150.23	12157	34	0.0	-66.315	5.48	0.48	YokoyamaEtal2018
325-M0034A-10R-1W_48-53	-19.69	150.23	12346	118	0.0	-67.505	5.82	0.82	YokoyamaEtal2018
325-M0034A-11R-1W_25-35	-19.69	150.23	12570	118	0.0	-68.8	10.65	0.65	YokoyamaEtal2018
325-M0034A-11R-1W_25-35	-19.69	150.23	12476	24	0.0	-68.8	10.65	0.65	YokoyamaEtal2018
325-M0034A-11R-1W_25-35	-19.69	150.23	12537	22	0.0	-68.8	10.65	0.65	YokoyamaEtal2018
325-M0034A-12R-1W_1-3	-19.69	150.23	13874	80	0.0	-70.02	10.76	0.76	YokoyamaEtal2018
325-M0034A-12R-2W_3-5	-19.69	150.23	13092	156	0.0	-70.63	10.76	0.76	YokoyamaEtal2018
325-M0033A-22R-1W_24-26	-19.68	150.24	26547	388	-1.0	-120.55	0.54	0.54	YokoyamaEtal2018
325-M0034A-12R-2W_7-10	-19.69	150.23	12831	36	0.0	-70.675	10.76	0.76	YokoyamaEtal2018
325-M0035A-03R-1W_35-38	-19.67	150.24	15100	36	-1.0	-105.66499999999999	1.41	1.41	YokoyamaEtal2018
325-M0035A-05R-1W_39-43	-19.67	150.24	15023	36	-1.0	-109.08999999999999	0.37	0.37	YokoyamaEtal2018
325-M0035A-05R-1W_56-60	-19.67	150.24	14365	30	-1.0	-109.25999999999999	0.37	0.37	YokoyamaEtal2018
325-M0035A-05R-1W_6-8	-19.67	150.24	13602	46	-1.0	-108.75	0.37	0.37	YokoyamaEtal2018
325-M0035A-06R-1W_24-29	-19.67	150.24	15164	28	-1.0	-110.445	1.12	1.12	YokoyamaEtal2018
325-M0035A-10R-1W_4-6	-19.67	150.24	17906	72	0.0	-115.72999999999999	10.58	0.58	YokoyamaEtal2018
SANU-24612	-19.67	150.24	22507	459	0.0	-128.56	31.24	1.24	YokoyamaEtal2018
SANU-24611	-19.69	150.23	14313	436	0.0	-68.735	10.65	0.65	YokoyamaEtal2018
325-M0034A-13R-2W_6-8	-19.69	150.23	11200	200	0.0	-71.67	11.32	1.32	YokoyamaEtal2018
SANU-25227	-19.69	150.23	12905	467	0.0	-57.765	10.89	0.89	YokoyamaEtal2018
325-M0033A-18R-1W_23-30	-19.68	150.24	25455	308	0.0	-114.565	30.95	0.95	YokoyamaEtal2018
325-M0033A-16R-1W_55-60	-19.68	150.24	25038	312	0.0	-113.375	30.52	0.52	YokoyamaEtal2018
SANU-25225	-19.69	150.23	12054	516	0.0	-54.69	10.93	0.93	YokoyamaEtal2018
SANU-25225	-19.69	150.23	11895	525	0.0	-54.69	10.93	0.93	YokoyamaEtal2018
SANU-25223	-19.69	150.23	12021	507	0.0	-54.875	10.93	0.93	YokoyamaEtal2018
SANU-25221	-19.69	150.23	11050	557	0.0	-53.245	10.56	0.56	YokoyamaEtal2018
SANU-25220	-19.68	150.24	28968	632	0.0	-114.41499999999999	30.95	0.95	YokoyamaEtal2018
SANU-25219	-19.68	150.24	28818	708	0.0	-113.225	30.52	0.52	YokoyamaEtal2018
SANU-25218	-19.68	150.24	17180	973	0.0	-98.58	5.07	0.07	YokoyamaEtal2018
SANU-25217	-19.68	150.24	17548	635	0.0	-96.85	11.1	1.1	YokoyamaEtal2018
325-M0033A-16R-1W_82-85	-19.68	150.24	25062	310	0.0	-113.635	30.52	0.52	YokoyamaEtal2018
325-M0033A-05R-1W_88-97	-19.68	150.24	14995	60	0.0	-98.925	5.07	0.07	YokoyamaEtal2018
325-M0033A-08R-1W_13-17	-19.68	150.24	14921	226	0.0	-101.95	11.1	1.1	YokoyamaEtal2018
325-M0033A-09R-1W_10-16	-19.68	150.24	15167	194	0.0	-103.43	11.18	1.18	YokoyamaEtal2018
325-M0033A-10R-1W_16-23	-19.68	150.24	15448	154	0.0	-104.995	10.82	0.82	YokoyamaEtal2018
325-M0033A-10R-1W_41-49	-19.68	150.24	15331	184	0.0	-105.25	10.82	0.82	YokoyamaEtal2018
325-M0033A-14R-1W_0-6	-19.68	150.24	23733	228	0.0	-110.6	30.99	0.99	YokoyamaEtal2018
325-M0033A-15R-1W_50-54	-19.68	150.24	24691	292	0.0	-112.32	30.34	0.34	YokoyamaEtal2018
325-M0033A-15R-2W_5-7	-19.68	150.24	27200	8000	0.0	-112.41	30.34	0.34	YokoyamaEtal2018
325-M0033A-16R-1W_23-27	-19.68	150.24	24980	240	0.0	-113.05	30.52	0.52	YokoyamaEtal2018
325-M0033A-07R-CCW_2-10	-19.68	150.24	15049	26	0.0	-100.9	5.86	0.86	YokoyamaEtal2018
SANU-27006	-19.68	150.24	18564	414	0.0	-106.37	12.45	2.45	YokoyamaEtal2018
YAUT-002419	-19.67	150.24	23904	1007	0.0	-127.10499999999999	10.95	0.95	YokoyamaEtal2018
SANU-27009	-19.68	150.24	29465	384	-1.0	-117.55000000000001	1.17	1.17	YokoyamaEtal2018
MTC-15116	-19.67	150.24	20321	693	0.0	-119.635	10.84	0.84	YokoyamaEtal2018
MTC-15115	-19.67	150.24	18760	574	0.0	-117.99000000000001	10.57	0.57	YokoyamaEtal2018
MTC-15114	-19.67	150.24	15086	606	-1.0	-110.58	0.94	0.94	YokoyamaEtal2018
MTC-15113	-19.67	150.24	14032	723	0.0	-109.045	61.16	1.16	YokoyamaEtal2018
MTC-15112	-19.67	150.24	16291	593	0.0	-108.025	60.85	0.85	YokoyamaEtal2018
MTC-15109	-19.69	150.23	14983	666	-1.0	-73.03	1.28	1.28	YokoyamaEtal2018
MTC-15108	-19.69	150.23	12387	515	0.0	-71.67	11.32	1.32	YokoyamaEtal2018
MTC-15102	-19.69	150.23	14227	687	0.0	-65.92999999999999	5.48	0.48	YokoyamaEtal2018
MTC-15101	-19.69	150.23	13961	822	0.0	-64.44	5.96	0.96	YokoyamaEtal2018
MTC-15100	-19.69	150.23	13992	807	0.0	-61.95	11.84	1.84	YokoyamaEtal2018
MTC-15099	-19.68	150.24	29907	776	0.0	-95.92	83.11	1.11	YokoyamaEtal2018
MTC-15098	-19.68	150.24	28744	948	0.0	-112.41	30.34	0.34	YokoyamaEtal2018
MTC-15088	-19.69	150.23	12440	487	0.0	-71.57	11.32	1.32	YokoyamaEtal2018
MTC-15087	-19.69	150.23	14087	727	0.0	-68.58	10.65	0.65	YokoyamaEtal2018
MTC-15086	-19.69	150.23	13772	1059	0.0	-62.14	11.84	1.84	YokoyamaEtal2018
MTC-15117	-19.67	150.24	22162	539	0.0	-126.97	30.87	0.87	YokoyamaEtal2018
MTC-15085	-19.69	150.23	11208	515	0.0	-53.73	10.56	0.56	YokoyamaEtal2018
MTC-15368	-19.68	150.24	17790	890	0.0	-95.67	11.25	1.25	YokoyamaEtal2018
MTC-15370	-19.68	150.24	26433	697	0.0	-105.33	11.25	1.25	YokoyamaEtal2018
YAUT-004320	-19.68	150.24	15228	371	-1.0	-93.785	1.07	1.07	YokoyamaEtal2018
YAUT-004321	-19.68	150.24	16332	462	0.0	-96.63	11.1	1.1	YokoyamaEtal2018
YAUT-004323	-19.68	150.24	26646	570	0.0	-109.025	10.67	0.67	YokoyamaEtal2018
SANU-27007	-19.68	150.24	18672	448	0.0	-106.23500000000001	12.45	2.45	YokoyamaEtal2018
YAUT-004328	-19.69	150.23	14272	511	0.0	-67.37	5.82	0.82	YokoyamaEtal2018
YAUT-005405	-19.68	150.24	17282	990	0.0	-98.275	5.07	0.07	YokoyamaEtal2018
YAUT-005406	-19.68	150.24	19151	586	0.0	-106.49	10.94	0.94	YokoyamaEtal2018
MTC-15378	-19.67	150.24	25256	860	0.0	-109.60999999999999	83.06	1.06	YokoyamaEtal2018
MTC-15377	-19.67	150.24	25260	732	0.0	-109.60999999999999	83.06	1.06	YokoyamaEtal2018
MTC-15376	-19.67	150.24	23391	772	0.0	-125.58	10.99	0.99	YokoyamaEtal2018
MTC-15375	-19.67	150.24	21383	728	0.0	-119.42999999999999	10.1	0.1	YokoyamaEtal2018
MTC-15374	-19.67	150.24	20187	734	0.0	-116.38	10.58	0.58	YokoyamaEtal2018
MTC-15373	-19.67	150.24	20351	785	0.0	-113.56	10.46	0.46	YokoyamaEtal2018
MTC-15372	-19.68	150.24	27094	830	-1.0	-110.15	1.84	1.84	YokoyamaEtal2018
MTC-15371	-19.68	150.24	25925	751	0.0	-106.69	10.95	0.95	YokoyamaEtal2018
MTC-15369	-19.68	150.24	26460	758	0.0	-105.33	11.25	1.25	YokoyamaEtal2018
MTC-15084	-19.68	150.24	27764	647	0.0	-111.87	30.34	0.34	YokoyamaEtal2018
YAUT-005407	-19.69	150.23	10920	663	0.0	-33.115	82.56	0.56	YokoyamaEtal2018
YAUT-005418	-19.68	150.24	26646	701	0.0	-106.7	10.94	0.94	YokoyamaEtal2018
YAUT-008909	-19.68	150.24	13219	806	0.0	-70.61999999999999	83.25	1.25	YokoyamaEtal2018
YAUT-008911	-19.68	150.24	18469	492	0.0	-106.435	10.94	0.94	YokoyamaEtal2018
YAUT-008912	-19.69	150.23	10530	340	0.0	-33.125	82.56	0.56	YokoyamaEtal2018
YAUT-008913	-19.69	150.23	14951	537	0.0	-70.445	10.76	0.76	YokoyamaEtal2018
YAUT-008917	-19.67	150.24	19933	363	0.0	-113.345	10.46	0.46	YokoyamaEtal2018
YAUT-008918	-19.67	150.24	20246	538	0.0	-114.035	10.46	0.46	YokoyamaEtal2018
YAUT-008919	-19.67	150.24	32223	712	0.0	-111.55000000000001	83.13	1.13	YokoyamaEtal2018
YAUT-008920	-19.67	150.24	22211	410	0.0	-127.80000000000001	30.87	0.87	YokoyamaEtal2018
YAUT-008921	-19.67	150.24	24361	567	-1.0	-134.395	1.13	1.13	YokoyamaEtal2018
YAUT-009017	-19.67	150.24	19653	633	0.0	-119.0	10.84	0.84	YokoyamaEtal2018
YAUT-009018	-19.67	150.24	20276	541	0.0	-121.295	10.01	0.01	YokoyamaEtal2018
YAUT-009019	-19.67	150.24	20840	511	0.0	-122.96000000000001	10.01	0.01	YokoyamaEtal2018
YAUT-009508	-19.67	150.24	33256	855	0.0	-111.69	83.13	1.13	YokoyamaEtal2018
YAUT-009507	-19.67	150.24	36264	1583	-1.0	-131.845	1.13	1.13	YokoyamaEtal2018
YAUT-009506	-19.67	150.24	35074	459	-1.0	-133.29999999999998	1.58	1.58	YokoyamaEtal2018
YAUT-008908	-19.68	150.24	13000	484	0.0	-70.61999999999999	83.46	1.46	YokoyamaEtal2018
YAUT-008907	-19.68	150.24	14225	532	0.0	-74.03	84.58	2.58	YokoyamaEtal2018
YAUT-002435	-19.67	150.24	23409	728	0.0	-125.71499999999999	10.99	0.99	YokoyamaEtal2018
YAUT-008905	-19.67	150.24	17077	1003	-1.0	-111.01	0.94	0.94	YokoyamaEtal2018
YAUT-005419	-19.67	150.24	20062	818	0.0	-113.77499999999999	10.46	0.46	YokoyamaEtal2018
YAUT-005705	-19.68	150.24	12648	320	0.0	-70.585	83.55	1.55	YokoyamaEtal2018
YAUT-005708	-19.69	150.23	11010	625	0.0	-53.4	10.56	0.56	YokoyamaEtal2018
YAUT-005710	-19.69	150.23	13963	737	0.0	-66.4	5.48	0.48	YokoyamaEtal2018
YAUT-005711	-19.69	150.23	14660	543	0.0	-70.675	10.76	0.76	YokoyamaEtal2018
YAUT-005726	-19.68	150.24	17248	891	0.0	-95.36	11.25	1.25	YokoyamaEtal2018
YAUT-005730	-19.68	150.24	17865	628	0.0	-99.02	5.07	0.07	YokoyamaEtal2018
YAUT-004317	-19.67	150.24	22220	402	0.0	-122.8	10.99	0.99	YokoyamaEtal2018
YAUT-005731	-19.69	150.23	11074	563	0.0	-53.305	10.56	0.56	YokoyamaEtal2018
YAUT-005733	-19.67	150.24	21008	614	0.0	-117.61999999999999	10.9	0.9	YokoyamaEtal2018
YAUT-005734	-19.67	150.24	21761	489	0.0	-119.42999999999999	10.1	0.1	YokoyamaEtal2018
YAUT-006318	-19.68	150.24	18734	470	0.0	-106.49	10.94	0.94	YokoyamaEtal2018
YAUT-006319	-19.68	150.24	18888	508	0.0	-106.49	10.94	0.94	YokoyamaEtal2018
YAUT-006320	-19.68	150.24	19056	494	0.0	-106.49	10.94	0.94	YokoyamaEtal2018
YAUT-006321	-19.68	150.24	26579	595	0.0	-106.7	10.94	0.94	YokoyamaEtal2018
YAUT-006322	-19.67	150.24	20117	530	0.0	-113.77499999999999	10.46	0.46	YokoyamaEtal2018
YAUT-005732	-19.69	150.23	14779	597	0.0	-70.715	10.76	0.76	YokoyamaEtal2018
YAUT-004316	-19.67	150.24	22315	439	0.0	-121.25	10.94	0.94	YokoyamaEtal2018
YAUT-004324	-19.68	150.24	27859	533	0.0	-109.46000000000001	10.67	0.67	YokoyamaEtal2018
YAUT-004311	-19.67	150.24	20543	560	0.0	-115.955	10.58	0.58	YokoyamaEtal2018
SANU-27033	-19.67	150.24	15436	358	-1.0	-105.125	1.85	1.85	YokoyamaEtal2018
SANU-27034	-19.67	150.24	19197	527	-1.0	-113.08500000000001	1.2	1.2	YokoyamaEtal2018
SANU-27036	-19.67	150.24	21908	383	0.0	-122.41499999999999	11.46	1.46	YokoyamaEtal2018
SANU-27037	-19.67	150.24	20210	531	-1.0	-110.92	0.94	0.94	YokoyamaEtal2018
325-M0039A-03R-1W_14-23	-19.67	150.24	14580	38	-1.0	-110.665	0.94	0.94	YokoyamaEtal2018
325-M0039A-03R-1W_33-39	-19.67	150.24	14446	28	-1.0	-110.84	0.94	0.94	YokoyamaEtal2018
YAUT-002433	-19.67	150.24	21622	610	0.0	-121.335	10.94	0.94	YokoyamaEtal2018
YAUT-002431	-19.68	150.24	17166	1134	0.0	-100.525	5.86	0.86	YokoyamaEtal2018
YAUT-002427	-19.67	150.24	19964	1499	0.0	-122.88000000000001	10.0	0.0	YokoyamaEtal2018
325-M0039A-04R-1W_16-23	-19.67	150.24	14365	28	-1.0	-112.17500000000001	0.88	0.88	YokoyamaEtal2018
325-M0039A-04R-1W_40-51	-19.67	150.24	15166	144	0.0	-112.435	60.88	0.88	YokoyamaEtal2018
325-M0039A-10R-1W_32-39	-19.67	150.24	17128	84	0.0	-120.83500000000001	10.01	0.01	YokoyamaEtal2018
325-M0039A-10R-1W_42-43	-19.67	150.24	17083	74	0.0	-120.905	10.01	0.01	YokoyamaEtal2018
YAUT-004315	-19.67	150.24	21021	557	0.0	-117.46499999999999	10.9	0.9	YokoyamaEtal2018
325-M0039A-15R-1W_22-25	-19.67	150.24	18320	172	0.0	-126.315	10.36	0.36	YokoyamaEtal2018
SANU-27031	-19.67	150.24	22360	434	0.0	-121.345	10.94	0.94	YokoyamaEtal2018
325-M0039A-15R-1W_6-8	-19.67	150.24	18562	56	0.0	-126.15	10.36	0.36	YokoyamaEtal2018
SANU-27030	-19.67	150.24	13255	600	0.0	-111.8	11.08	1.08	YokoyamaEtal2018
SANU-27027	-19.67	150.24	18076	546	-1.0	-109.565	0.37	0.37	YokoyamaEtal2018
SANU-27010	-19.68	150.24	28428	695	-1.0	-119.87	1.44	1.44	YokoyamaEtal2018
SANU-27011	-19.68	150.24	17168	912	0.0	-95.36	11.46	1.46	YokoyamaEtal2018
SANU-27012	-19.68	150.24	18289	551	0.0	-102.955	11.55	1.55	YokoyamaEtal2018
SANU-27013	-19.68	150.24	18157	555	0.0	-102.795	11.55	1.55	YokoyamaEtal2018
SANU-27014	-19.68	150.24	11987	421	0.0	-72.06	41.13	1.13	YokoyamaEtal2018
SANU-27016	-19.68	150.24	17519	563	0.0	-96.85	11.1	1.1	YokoyamaEtal2018
SANU-27017	-19.68	150.24	17602	528	0.0	-99.105	5.07	0.07	YokoyamaEtal2018
SANU-27018	-19.68	150.24	18672	459	0.0	-105.0	10.82	0.82	YokoyamaEtal2018
SANU-27019	-19.68	150.24	27067	567	0.0	-108.095	10.19	0.19	YokoyamaEtal2018
SANU-27020	-19.68	150.24	27102	552	0.0	-108.15	10.19	0.19	YokoyamaEtal2018
SANU-27023	-19.69	150.23	12785	286	0.0	-57.53	10.89	0.89	YokoyamaEtal2018
SANU-27024	-19.69	150.23	12927	439	0.0	-57.614999999999995	10.89	0.89	YokoyamaEtal2018
SANU-27025	-19.69	150.23	13770	663	0.0	-64.05	5.96	0.96	YokoyamaEtal2018
SANU-27026	-19.69	150.23	14413	386	0.0	-69.17	10.65	0.65	YokoyamaEtal2018
325-M0039A-01R-1W_46-51	-19.67	150.24	12626	32	0.0	-107.965	60.85	0.85	YokoyamaEtal2018
SANU-27029	-19.67	150.24	13245	605	0.0	-111.725	11.08	1.08	YokoyamaEtal2018
325-M0039A-15R-1W_9-12	-19.67	150.24	18145	54	0.0	-126.185	10.36	0.36	YokoyamaEtal2018
325-M0039A-14R-1W_32-39	-19.67	150.24	18312	32	0.0	-124.935	11.21	1.21	YokoyamaEtal2018
YAUT-003212	-19.68	150.24	47336	2556	-1.0	-121.215	1.84	1.84	YokoyamaEtal2018
SANU-27229	-19.67	150.24	16963	911	-1.0	-110.775	0.94	0.94	YokoyamaEtal2018
YAUT-003213	-19.69	150.23	12091	796	0.0	-54.93	10.93	0.93	YokoyamaEtal2018
YAUT-003217	-19.67	150.24	19613	1001	0.0	-117.565	10.57	0.57	YokoyamaEtal2018
YAUT-003218	-19.67	150.24	23215	780	0.0	-124.145	11.08	1.08	YokoyamaEtal2018
YAUT-003221	-19.67	150.24	20134	1196	0.0	-118.19500000000001	10.57	0.57	YokoyamaEtal2018
YAUT-003222	-19.67	150.24	21600	725	0.0	-125.065	10.77	0.77	YokoyamaEtal2018
YAUT-003223	-19.67	150.24	18276	829	0.0	-113.91	61.05	1.05	YokoyamaEtal2018
YAUT-003211	-19.69	150.23	11359	698	0.0	-53.265	10.56	0.56	YokoyamaEtal2018
YAUT-003228	-19.67	150.24	30076	956	0.0	-110.07999999999998	83.17	1.17	YokoyamaEtal2018
YAUT-004030	-19.68	150.24	16795	728	0.0	-99.17	5.07	0.07	YokoyamaEtal2018
YAUT-004305	-19.67	150.24	23583	527	0.0	-125.50999999999999	10.99	0.99	YokoyamaEtal2018
YAUT-004306	-19.68	150.24	28446	724	0.0	-108.82	11.46	1.46	YokoyamaEtal2018
YAUT-004307	-19.68	150.24	26615	585	0.0	-108.005	10.19	0.19	YokoyamaEtal2018
YAUT-004308	-19.67	150.24	19732	654	0.0	-111.94999999999999	11.08	1.08	YokoyamaEtal2018
YAUT-004309	-19.67	150.24	20024	590	0.0	-114.13499999999999	10.46	0.46	YokoyamaEtal2018
YAUT-004310	-19.67	150.24	20446	559	0.0	-115.875	10.58	0.58	YokoyamaEtal2018
YAUT-004019	-19.67	150.24	19299	576	0.0	-116.89	10.43	0.43	YokoyamaEtal2018
YAUT-003210	-19.68	150.24	28569	993	0.0	-112.975	30.52	0.52	YokoyamaEtal2018
YAUT-002434	-19.67	150.24	20671	686	0.0	-117.53	10.9	0.9	YokoyamaEtal2018
325-M0039A-16R-2W_8-10	-19.67	150.24	18700	400	0.0	-127.5	30.87	0.87	YokoyamaEtal2018
SANU-27237	-19.68	150.24	18304	570	0.0	-104.985	11.25	1.25	YokoyamaEtal2018
SANU-27238	-19.68	150.24	27556	479	0.0	-108.115	10.0	0.0	YokoyamaEtal2018
SANU-27239	-19.68	150.24	26637	592	0.0	-108.28999999999999	11.46	1.46	YokoyamaEtal2018
YAUT-002436	-19.67	150.24	19211	884	0.0	-120.61500000000001	10.01	0.01	YokoyamaEtal2018
YAUT-003209	-19.68	150.24	29120	686	0.0	-113.08500000000001	30.52	0.52	YokoyamaEtal2018
YAUT-002420	-19.67	150.24	19594	1130	0.0	-122.88000000000001	10.0	0.0	YokoyamaEtal2018
SANU-27233	-19.67	150.24	20655	558	0.0	-128.425	31.24	1.24	YokoyamaEtal2018
YAUT-002437	-19.67	150.24	19857	1230	0.0	-120.935	10.01	0.01	YokoyamaEtal2018
SANU-27236	-19.68	150.24	18574	430	0.0	-104.73	11.25	1.25	YokoyamaEtal2018
SANU-27235	-19.68	150.24	17766	445	0.0	-102.955	11.55	1.55	YokoyamaEtal2018
SANU-27231	-19.67	150.24	19753	635	0.0	-118.285	10.57	0.57	YokoyamaEtal2018
SANU-27230	-19.67	150.24	19753	635	0.0	-116.60000000000001	10.43	0.43	YokoyamaEtal2018
YAUT-002807	-19.67	150.24	19332	757	0.0	-116.89	10.43	0.43	YokoyamaEtal2018
YAUT-003206	-19.68	150.24	29391	574	-1.0	-120.11500000000001	1.44	1.44	YokoyamaEtal2018
YAUT-003207	-19.68	150.24	11349	726	0.0	-70.325	83.25	1.25	YokoyamaEtal2018
YAUT-003208	-19.68	150.24	18570	712	0.0	-102.92	11.55	1.55	YokoyamaEtal2018
SANU-27232	-19.67	150.24	20550	579	0.0	-123.08500000000001	11.0	1.0	YokoyamaEtal2018
