Tin-126	64.54	40.53	10260	524	1.0	-17.7	1.0646788248105623	1.0041040782707737	Koshechkin1979,BaranskayaEtal2018
Tin-125	64.54	40.54	9330	459	1.0	-17.7	1.0646788248105623	1.0041040782707737	Koshechkin1979,BaranskayaEtal2018
GIN-14007	64.44	39.79	9722	422	1.0	11.825	2.501144737915021	2.501144737915021	ZaretskayaEtal2011,BaranskayaEtal2018
GIN-14158	64.47	39.65	10184	455	1.0	10.65	2.500519945931246	2.500519945931246	ZaretskayaEtal2011,BaranskayaEtal2018
GIN-14157	64.48	39.59	5613	315	1.0	24.45	2.512986271351278	2.512986271351278	ZaretskayaEtal2011,BaranskayaEtal2018
GIN-14004	64.48	39.77	1934	368	0.0	1.35	2.899008265338338	2.899008265338338	ZaretskayaEtal2011,BaranskayaEtal2018
GIN-14014	64.48	39.77	3866	386	0.0	0.75	2.899008265338338	2.899008265338338	ZaretskayaEtal2011,BaranskayaEtal2018
GIN-14273	64.49	39.9	4507	392	0.0	-0.44999999999999996	2.899008265338338	2.899008265338338	ZaretskayaEtal2011,BaranskayaEtal2018
GIN-14156	64.5	39.65	3821	376	0.0	2.6	2.899008265338338	2.899008265338338	ZaretskayaEtal2011,BaranskayaEtal2018
GIN-14005	64.5	39.75	1226	285	0.0	1.35	2.899008265338338	2.899008265338338	ZaretskayaEtal2011,BaranskayaEtal2018
GIN-14272	64.5	39.89	3175	360	0.0	-1.25	2.899008265338338	2.899008265338338	ZaretskayaEtal2011,BaranskayaEtal2018
GIN-14155	64.51	39.63	3660	373	0.0	2.025	2.89868486084638	2.89868486084638	ZaretskayaEtal2011,BaranskayaEtal2018
GIN-14154	64.51	39.64	3090	320	-1.0	1.55	2.500519945931246	2.500519945931246	ZaretskayaEtal2011,BaranskayaEtal2018
GIN-14271	64.51	39.91	3920	400	0.0	-2.35	2.899008265338338	2.899008265338338	ZaretskayaEtal2011,BaranskayaEtal2018
GIN-13381	64.51	39.97	5229	347	0.0	-1.25	2.899008265338338	2.899008265338338	ZaretskayaEtal2011,BaranskayaEtal2018
GIN-14161	64.52	39.64	1724	350	0.0	0.25	2.899008265338338	2.899008265338338	ZaretskayaEtal2011,BaranskayaEtal2018
GIN-14159	64.52	40.07	5718	360	0.0	0.6000000000000001	2.899008265338338	2.899008265338338	ZaretskayaEtal2011,BaranskayaEtal2018
GIN-14149	64.53	39.65	974	286	0.0	0.75	2.899008265338338	2.899008265338338	ZaretskayaEtal2011,BaranskayaEtal2018
GIN-14148	64.53	39.66	623	288	0.0	1.2000000000000002	2.899008265338338	2.899008265338338	ZaretskayaEtal2011,BaranskayaEtal2018
GIN-14160	64.54	39.53	4987	442	0.0	1.75	2.9097678468393315	2.9097678468393315	ZaretskayaEtal2011,BaranskayaEtal2018
GIN-14152	64.54	39.63	997	287	0.0	0.02499999999999991	2.89868486084638	2.89868486084638	ZaretskayaEtal2011,BaranskayaEtal2018
GIN-14152	64.54	39.63	997	287	-1.0	1.025	2.5126131815303365	2.5126131815303365	ZaretskayaEtal2011,BaranskayaEtal2018
GIN-14147	64.54	39.66	312	288	0.0	1.2000000000000002	2.899008265338338	2.899008265338338	ZaretskayaEtal2011,BaranskayaEtal2018
GIN-13366	64.55	40.22	1011	283	1.0	1.4700000000000002	2.500039999680005	2.500039999680005	ZaretskayaEtal2011,BaranskayaEtal2018
GIN-13367	64.55	40.22	1930	370	1.0	1.945	2.5000249998750013	2.5000249998750013	ZaretskayaEtal2011,BaranskayaEtal2018
GIN-13368	64.55	40.22	2496	349	1.0	1.685	2.500679299710381	2.5005399416925935	ZaretskayaEtal2011,BaranskayaEtal2018
GIN-13369	64.55	40.22	2934	418	1.0	1.4	2.5007446890876324	2.5005399416925935	ZaretskayaEtal2011,BaranskayaEtal2018
GIN-13369kp	64.55	40.22	2817	423	1.0	1.4	2.5007446890876324	2.5005399416925935	ZaretskayaEtal2011,BaranskayaEtal2018
GIN-13372	64.55	40.22	3424	387	1.0	1.3	2.500402825546316	2.500044999595007	ZaretskayaEtal2011,BaranskayaEtal2018
GIN-13374	64.55	40.22	4346	435	0.0	0.0	2.8994882587277364	2.8990255125645237	ZaretskayaEtal2011,BaranskayaEtal2018
GIN-13375	64.55	40.22	6204	296	-1.0	-1.24	2.5013794274359897	2.5005399416925935	ZaretskayaEtal2011,BaranskayaEtal2018
GIN-13376	64.55	40.22	7274	294	-1.0	0.2	2.5005399416925935	2.5005399416925935	ZaretskayaEtal2011,BaranskayaEtal2018
GIN-13390	64.62	40.13	4548	404	0.0	-1.25	2.899008265338338	2.899008265338338	ZaretskayaEtal2011,BaranskayaEtal2018
GIN-14010	64.63	39.89	1772	343	0.0	0.71	2.8985943011225284	2.8985943011225284	ZaretskayaEtal2011,BaranskayaEtal2018
GIN-14009	64.63	39.92	1813	368	0.0	0.365	2.898615863218167	2.898615863218167	ZaretskayaEtal2011,BaranskayaEtal2018
GIN-14013	64.64	39.87	1005	275	0.0	1.46	2.8985943011225284	2.8985943011225284	ZaretskayaEtal2011,BaranskayaEtal2018
GIN-14011	64.64	39.88	1165	283	0.0	1.5499999999999998	2.899008265338338	2.899008265338338	ZaretskayaEtal2011,BaranskayaEtal2018
GIN-13393	64.64	40.1	3164	341	0.0	0.19999999999999996	2.899008265338338	2.899008265338338	ZaretskayaEtal2011,BaranskayaEtal2018
GIN-14171	64.64	40.32	3195	377	0.0	-1.07	2.9147368959307456	2.9147368959307456	ZaretskayaEtal2011,BaranskayaEtal2018
GIN-14172	64.64	40.32	3213	358	0.0	-0.7515	3.2233793602367062	3.2233793602367062	ZaretskayaEtal2011,BaranskayaEtal2018
GIN-14167	64.64	40.33	7775	246	0.0	-0.35	2.8985943011225284	2.8985943011225284	ZaretskayaEtal2011,BaranskayaEtal2018
GIN-14169	64.64	40.33	6249	316	0.0	0.3899999999999999	2.8985943011225284	2.8985943011225284	ZaretskayaEtal2011,BaranskayaEtal2018
GIN-14170	64.64	40.33	7084	329	0.0	-0.37	2.8985943011225284	2.8985943011225284	ZaretskayaEtal2011,BaranskayaEtal2018
GIN-14168	64.64	40.34	7062	341	0.0	-0.49	2.8985943011225284	2.8985943011225284	ZaretskayaEtal2011,BaranskayaEtal2018
GIN-13391	64.65	40.07	2677	345	0.0	-0.08999999999999997	2.8985943011225284	2.8985943011225284	ZaretskayaEtal2011,BaranskayaEtal2018
GIN-14165	64.65	40.33	10123	456	0.0	-3.75	2.899008265338338	2.899008265338338	ZaretskayaEtal2011,BaranskayaEtal2018
GIN-13392	64.66	39.98	1989	347	0.0	-1.315	2.898615863218167	2.898615863218167	ZaretskayaEtal2011,BaranskayaEtal2018
GIN-14269	64.68	40.29	2915	390	0.0	-2.0149999999999997	2.898615863218167	2.898615863218167	ZaretskayaEtal2011,BaranskayaEtal2018
GIN-14270	64.68	40.29	3784	360	0.0	-2.25	2.8985943011225284	2.8985943011225284	ZaretskayaEtal2011,BaranskayaEtal2018
GIN-14252	64.68	40.37	2888	419	0.0	-2.45	2.899008265338338	2.899008265338338	ZaretskayaEtal2011,BaranskayaEtal2018
GIN-14267	64.69	40.28	2934	388	0.0	-1.975	2.89868486084638	2.89868486084638	ZaretskayaEtal2011,BaranskayaEtal2018
GIN-14268	64.69	40.28	3751	465	0.0	-2.06	2.8985943011225284	2.8985943011225284	ZaretskayaEtal2011,BaranskayaEtal2018
GIN-14264	64.7	40.26	2535	345	0.0	-0.265	2.898615863218167	2.898615863218167	ZaretskayaEtal2011,BaranskayaEtal2018
GIN-14266	64.7	40.26	3424	387	0.0	-0.54	2.8985943011225284	2.8985943011225284	ZaretskayaEtal2011,BaranskayaEtal2018
GIN-14253	64.71	40.35	2500	341	0.0	4.725	2.8995471926664687	2.8995471926664687	ZaretskayaEtal2011,BaranskayaEtal2018
GIN-14254	64.71	40.35	2387	377	0.0	4.85	2.899008265338338	2.899008265338338	ZaretskayaEtal2011,BaranskayaEtal2018
GIN-14263	64.72	40.23	1030	274	0.0	-1.95	2.899008265338338	2.899008265338338	ZaretskayaEtal2011,BaranskayaEtal2018
GIN-14262	64.74	40.12	2807	406	0.0	-0.995	2.898615863218167	2.898615863218167	ZaretskayaEtal2011,BaranskayaEtal2018
GIN-14261	64.74	40.14	1226	285	0.0	-1.015	2.898615863218167	2.898615863218167	ZaretskayaEtal2011,BaranskayaEtal2018
GIN-14258	64.75	40.11	1148	285	0.0	-0.815	2.898615863218167	2.898615863218167	ZaretskayaEtal2011,BaranskayaEtal2018
GIN-14257	64.75	40.21	1969	391	0.0	-0.44999999999999996	2.899008265338338	2.899008265338338	ZaretskayaEtal2011,BaranskayaEtal2018
GIN-14256	64.75	40.22	1714	359	0.0	-1.8	2.899008265338338	2.899008265338338	ZaretskayaEtal2011,BaranskayaEtal2018
GIN-14265	64.76	40.04	923	269	0.0	-0.39	2.8985943011225284	2.8985943011225284	ZaretskayaEtal2011,BaranskayaEtal2018
GIN-14255	64.76	40.24	1015	284	0.0	1.525	2.89868486084638	2.89868486084638	ZaretskayaEtal2011,BaranskayaEtal2018
GIN-14657	64.78	40.44	1485	299	0.0	-1.2014999999999998	2.899008265338338	2.899008265338338	ZaretskayaEtal2011,BaranskayaEtal2018
GIN-14658	64.78	40.44	2305	395	0.0	-0.9	2.899008265338338	2.899008265338338	ZaretskayaEtal2011,BaranskayaEtal2018
GIN-14656	64.88	40.29	1335	339	0.0	-1.35	2.899008265338338	2.899008265338338	ZaretskayaEtal2011,BaranskayaEtal2018
GIN-14655	64.88	40.31	2206	420	0.0	-0.65	2.899008265338338	2.899008265338338	ZaretskayaEtal2011,BaranskayaEtal2018
GIN-14649	64.9	40.24	487	405	0.0	3.0999999999999996	2.899008265338338	2.899008265338338	ZaretskayaEtal2011,BaranskayaEtal2018
GIN-14650	64.9	40.25	929	326	0.0	1.4	2.899008265338338	2.899008265338338	ZaretskayaEtal2011,BaranskayaEtal2018
GIN-14651	64.9	40.25	1334	350	0.0	1.2000000000000002	2.899008265338338	2.899008265338338	ZaretskayaEtal2011,BaranskayaEtal2018
GIN-14647	64.92	40.24	1571	353	0.0	1.0	2.899008265338338	2.899008265338338	ZaretskayaEtal2011,BaranskayaEtal2018
GIN-14645	64.93	40.25	1955	411	0.0	2.05	2.899008265338338	2.899008265338338	ZaretskayaEtal2011,BaranskayaEtal2018
GIN-14646	64.93	40.25	2424	375	0.0	0.8500000000000001	2.899008265338338	2.899008265338338	ZaretskayaEtal2011,BaranskayaEtal2018
GIN-14643	64.94	40.24	3245	385	0.0	0.09850000000000003	2.899008265338338	2.899008265338338	ZaretskayaEtal2011,BaranskayaEtal2018
GIN-14644	64.94	40.25	3403	408	0.0	1.2000000000000002	2.899008265338338	2.899008265338338	ZaretskayaEtal2011,BaranskayaEtal2018
GIN-14640	64.95	40.43	878	286	0.0	1.73	2.8985943011225284	2.8985943011225284	ZaretskayaEtal2011,BaranskayaEtal2018
GIN-14641	64.95	40.43	1471	298	0.0	1.0	2.915165719560382	2.915165719560382	ZaretskayaEtal2011,BaranskayaEtal2018
GIN-14652	64.96	40.22	4866	556	0.0	1.1	2.899008265338338	2.899008265338338	ZaretskayaEtal2011,BaranskayaEtal2018
GIN-14648	64.96	40.23	3268	365	1.0	1.1549999999999998	2.500519945931246	2.500519945931246	ZaretskayaEtal2011,BaranskayaEtal2018
GIN-14654a	64.97	40.22	1934	368	0.0	-0.15000000000000002	2.899008265338338	2.899008265338338	ZaretskayaEtal2011,BaranskayaEtal2018
GIN-14653	64.99	40.34	1505	305	0.0	-0.06999999999999995	2.8986460498826	2.8986460498826	ZaretskayaEtal2011,BaranskayaEtal2018
