CS-450	-32.4	133.9	7789	378	-1	-0.24	0.10770329614269	0.10770329614269	MurrayWallaceEtal1993,BelperioEtal2002,LewisEtal2013
CS-509	-32.364	133.818	1865	284	0	0.4	0.4	0.4	ShortEtal1986,BelperioEtal2002,LewisEtal2013
CS-508	-32.364	133.818	3643	301	0	0.4	0.4	0.4	ShortEtal1986,BelperioEtal2002,LewisEtal2013
CS-506	-32.364	133.818	4117	320	0	0.4	0.4	0.4	ShortEtal1986,BelperioEtal2002,LewisEtal2013
CS-505	-32.364	133.818	4251	481	0	0.4	0.4	0.4	ShortEtal1986,BelperioEtal2002,LewisEtal2013
CS-403	-32.3	133.7	6466	347	-1	0.235	0.065	0.065	BelperioEtal2002,LewisEtal2013
CS-404	-32.3	133.7	7645	274	-1	-1.51	0.06	0.06	BelperioEtal2002,LewisEtal2013
CS-405	-32.3	133.7	6146	1215	-1	-1.41	0.05	0.05	BelperioEtal2002,LewisEtal2013
CS-411	-32.3	133.7	1824	379	0	-0.18	0.400124980474851	0.400124980474851	BelperioEtal2002,LewisEtal2013
CS-453	-32.3	133.7	7124	668	-1	-3.1	0.111803398874989	0.111803398874989	BelperioEtal2002,LewisEtal2013
CS-412	-32.3	133.7	5767	308	0	-0.18	0.403112887414928	0.403112887414928	BelperioEtal2002,LewisEtal2013
CS-452	-32.3	133.7	7736	657	-1	-3.45	0.10770329614269	0.10770329614269	BelperioEtal2002,LewisEtal2013
CS-451	-32.3	133.7	7610	285	-1	-3.465	0.109658560997307	0.109658560997307	BelperioEtal2002,LewisEtal2013
CS-408	-32.3	133.7	5724	288	-1	-0.2755	0.103077640640442	0.103077640640442	BelperioEtal2002,LewisEtal2013
CS-407	-32.3	133.7	5964	335	-1	-2.635	0.114127122105133	0.114127122105133	BelperioEtal2002,LewisEtal2013
CS-457	-32.3	133.7	5569	246	0	-0.33	0.400499687890016	0.400499687890016	BelperioEtal2002,LewisEtal2013
CS-458	-32.3	133.7	6104	348	0	-0.61	0.400124980474851	0.400124980474851	BelperioEtal2002,LewisEtal2013
CS-459	-32.3	133.7	6914	415	0	-0.625	0.400780488547035	0.400780488547035	BelperioEtal2002,LewisEtal2013
CS-454	-32.3	133.7	4308	414	-1	0.5	0.49030602688525	0.49030602688525	BelperioEtal2002,LewisEtal2013
CS-455	-32.3	133.7	6493	445	-1	-2.35	0.104403065089106	0.104403065089106	BelperioEtal2002,LewisEtal2013
CS-414	-32.3	133.7	4385	395	-1	-0.135	0.114127122105133	0.114127122105133	BelperioEtal2002,LewisEtal2013
CS-415	-32.3	133.7	6399	311	-1	-4.185	0.114127122105133	0.114127122105133	BelperioEtal2002,LewisEtal2013
CS-435	-32.3	133.7	1832	295	-1	-3.235	0.103077640640442	0.103077640640442	BelperioEtal2002,LewisEtal2013
CS-418	-32.3	133.7	3081	291	-1	-4.655	0.103077640640442	0.103077640640442	BelperioEtal2002,LewisEtal2013
