AA-27618	55.7	-1.94	8476	374	1.0	1.06	1.13	1.13	ShennanEtal2000,ShennanEtal2018
AA-23893	55.7	-1.94	5908	279	0.0	1.19	0.21	0.21	ShennanEtal2000,ShennanEtal2018
AA-23894	55.7	-1.94	5962	289	0.0	1.34	0.21	0.21	ShennanEtal2000,ShennanEtal2018
AA-23896	55.67	-1.87	7373	234	0.0	0.45	0.21	0.21	ShennanEtal2000,ShennanEtal2018
AA-23825	55.67	-1.87	8225	228	0.0	-0.45	0.21	0.21	ShennanEtal2000,ShennanEtal2018
AA-23824	55.67	-1.87	7744	216	0.0	-0.11	0.21	0.21	ShennanEtal2000,ShennanEtal2018
AA-34199	55.7	-1.94	15735	399	1.0	1.8	1.13	1.13	ShennanEtal2000,ShennanEtal2018
AA-25595	55.7	-1.94	4857	396	0.0	1.7	0.21	0.21	ShennanEtal2000,ShennanEtal2018
AA-25596	55.7	-1.94	7577	216	0.0	0.35	0.21	0.21	ShennanEtal2000,ShennanEtal2018
AA-23823	55.67	-1.87	7804	210	0.0	-0.03	0.21	0.21	ShennanEtal2000,ShennanEtal2018
AA-25598	55.7	-1.94	14164	555	1.0	0.39	1.13	1.13	ShennanEtal2000,ShennanEtal2018
AA-25597	55.7	-1.94	12884	209	1.0	0.8	1.13	1.13	ShennanEtal2000,ShennanEtal2018
AA-25601	55.7	-1.94	8006	263	1.0	1.16	1.13	1.13	ShennanEtal2000,ShennanEtal2018
AA-24225	55.69	-1.94	6037	260	0.0	2.05	0.21	0.21	ShennanEtal2000,ShennanEtal2018
AA-24224	55.69	-1.94	4576	290	0.0	2.1	0.21	0.21	ShennanEtal2000,ShennanEtal2018
AA-24223	55.69	-1.94	3639	269	0.0	2.57	0.21	0.21	ShennanEtal2000,ShennanEtal2018
AA-24226	55.69	-1.94	7159	271	0.0	1.49	0.21	0.21	ShennanEtal2000,ShennanEtal2018
