CAMS-41310	51.61	-4.17	1969	319	0.0	-0.83	0.64	0.64	Edwards2006,ShennanEtal2018
CAMS-41309	51.61	-4.17	2616	259	0.0	-1.47	0.64	0.64	Edwards2006,ShennanEtal2018
Q-265	51.57	-3.76	3702	363	0.0	-9.2	0.78	0.78	HeyworthKidson1982,ShennanEtal2018
Q-274	51.57	-3.76	6402	376	0.0	-10.1	0.85	0.85	HeyworthKidson1982,ShennanEtal2018
Q-275	51.57	-3.76	7040	380	0.0	-10.6	0.78	0.78	HeyworthKidson1982,ShennanEtal2018
CAMS-41308	51.61	-4.17	4249	326	0.0	-1.87	0.64	0.64	Edwards2006,ShennanEtal2018
Q-664	51.59	-3.79	14130	658	1.0	-34.86	3.33	3.33	HeyworthKidson1982,ShennanEtal2018
Q-662	51.59	-3.79	10115	529	0.0	-25.66	0.26	0.26	HeyworthKidson1982,ShennanEtal2018
Q-661	51.59	-3.79	11552	748	1.0	-23.76	3.33	3.33	HeyworthKidson1982,ShennanEtal2018
Q-660	51.59	-3.79	12047	635	1.0	-23.81	3.33	3.33	HeyworthKidson1982,ShennanEtal2018
CAMS-41307	51.61	-4.17	727	179	0.0	-0.08	0.64	0.64	Edwards2006,ShennanEtal2018
Q-663	51.59	-3.79	10080	491	0.0	-25.6	0.26	0.26	HeyworthKidson1982,ShennanEtal2018
