SUERC-18338	-69.026	39.536	138	122	1.0	10.0	2.0	2.0	IshiwaEtal2021,VerleyenEtal2017
SUERC-18345	-69.03	39.516	138	122	1.0	23.0	4.6000000000000005	4.6	IshiwaEtal2021,VerleyenEtal2017
SUERC-18344	-69.024	39.567	138	122	1.0	18.0	3.6	3.6	IshiwaEtal2021,VerleyenEtal2017
SUERC-18342	-69.022	39.564	141	131	1.0	13.0	2.6	2.6	IshiwaEtal2021,VerleyenEtal2017
SUERC-18343	-69.023	39.558	303	139	1.0	17.0	3.4000000000000004	3.4000000000000004	IshiwaEtal2021,VerleyenEtal2017
Beta-279334	-69.022	39.564	790	102	1.0	13.0	2.6	2.6	IshiwaEtal2021,VerleyenEtal2017
Beta-279335	-69.022	39.564	936	115	1.0	13.0	2.6	2.6	IshiwaEtal2021,VerleyenEtal2017
Beta-261171	-69.022	39.564	1004	66	1.0	13.0	2.6	2.6	IshiwaEtal2021,VerleyenEtal2017
Beta-322270	-69.03	39.516	1082	103	1.0	23.0	4.6000000000000005	4.6	IshiwaEtal2021,VerleyenEtal2017
Beta-322266	-69.026	39.536	1624	81	1.0	10.0	2.0	2.0	IshiwaEtal2021,VerleyenEtal2017
Beta-322271	-69.03	39.516	1818	73	1.0	23.0	4.6000000000000005	4.6000000000000005	IshiwaEtal2021,VerleyenEtal2017
Beta-261170	-69.022	39.564	2117	170	1.0	13.0	2.6	2.6	IshiwaEtal2021,VerleyenEtal2017
Beta-322267	-69.026	39.536	2716	125	1.0	10.0	2.0	2.0	IshiwaEtal2021,VerleyenEtal2017
Beta-322269	-69.022	39.564	2868	90	1.0	13.0	2.6	2.6	IshiwaEtal2021,VerleyenEtal2017
Beta-81000	-69.015	39.568	2116	236	-1.0	5.0	1.0	1.0	IshiwaEtal2021,MiuraEtal1998,HirakawaSawagaki1998,VerleyenEtal2017
Beta-80995	-69.015	39.568	2477	196	-1.0	10.0	2.0	2.0	IshiwaEtal2021,MiuraEtal1998,HirakawaSawagaki1998,VerleyenEtal2017
Beta-327120	-69.03	39.516	4119	121	1.0	23.0	4.6000000000000005	4.6000000000000005	IshiwaEtal2021,VerleyenEtal2017
Beta-322272	-69.03	39.516	4287	125	1.0	23.0	4.6000000000000005	4.6000000000000005	IshiwaEtal2021,VerleyenEtal2017
Beta-83803	-69.015	39.568	2875	189	-1.0	6.0	1.2000000000000002	1.2000000000000002	IshiwaEtal2021,HirakawaSawagaki1998,VerleyenEtal2017
SUERC-18056	-69.026	39.536	4380	139	1.0	10.0	2.0	2.0	IshiwaEtal2021,VerleyenEtal2017
Beta-326319	-69.024	39.567	4639	175	1.0	18.0	3.6	3.6	IshiwaEtal2021,VerleyenEtal2017
Beta-80998	-69.015	39.568	3214	236	-1.0	7.0	1.4000000000000001	1.4000000000000001	IshiwaEtal2021,MiuraEtal1998,HirakawaSawagaki1998,VerleyenEtal2017
Beta-327121	-69.023	39.558	4911	71	1.0	17.0	3.4000000000000004	3.4000000000000004	IshiwaEtal2021,VerleyenEtal2017
Beta-322268	-69.026	39.536	4726	114	1.0	10.0	2.0	2.0	IshiwaEtal2021,VerleyenEtal2017
Beta-326318	-69.023	39.558	5104	181	1.0	17.0	3.4000000000000004	3.4000000000000004	IshiwaEtal2021,VerleyenEtal2017
Beta-261172	-69.022	39.564	5168	162	1.0	13.0	2.6	2.6	IshiwaEtal2021,VerleyenEtal2017
SUERC-18067	-69.022	39.564	5242	183	1.0	13.0	2.6	2.6	IshiwaEtal2021,VerleyenEtal2017
Beta-80996	-69.015	39.568	3943	206	-1.0	7.5	1.5	1.5	IshiwaEtal2021,MiuraEtal1998,HirakawaSawagaki1998,VerleyenEtal2017
SUERC-18068	-69.022	39.564	5183	132	1.0	13.0	2.6	2.6	IshiwaEtal2021,VerleyenEtal2017
SUERC-18070	-69.023	39.558	5795	120	1.0	17.0	3.4000000000000004	3.4000000000000004	IshiwaEtal2021,VerleyenEtal2017
SUERC-18069	-69.023	39.558	6263	125	1.0	17.0	3.4000000000000004	3.4000000000000004	IshiwaEtal2021,VerleyenEtal2017
SUERC-18058	-69.023	39.558	6306	92	1.0	17.0	3.4000000000000004	3.4000000000000004	IshiwaEtal2021,VerleyenEtal2017
SUERC-18066	-69.026	39.536	5471	140	-1.0	10.0	2.0	2.0	IshiwaEtal2021,VerleyenEtal2017
Beta-261174	-69.022	39.564	6934	192	-1.0	13.0	2.6	2.6	IshiwaEtal2021,VerleyenEtal2017
SUERC-18071	-69.03	39.516	8826	170	1.0	23.0	4.6000000000000005	4.6000000000000005	IshiwaEtal2021,VerleyenEtal2017
Beta-322273	-69.03	39.516	11350	214	1.0	23.0	4.6000000000000005	4.6000000000000005	IshiwaEtal2021,VerleyenEtal2017
Beta-100325	-69.015	39.568	33176	813	-1.0	10.4	2.08	2.08	IshiwaEtal2021,MiuraEtal1998
Beta-116846	-69.015	39.568	35748	458	-1.0	10.4	2.08	2.08	IshiwaEtal2021,MiuraEtal1998
Beta-100323	-69.015	39.568	37387	1114	-1.0	10.2	2.04	2.04	IshiwaEtal2021,MiuraEtal1998
NUTA-Ishiwa02	-69.015	39.568	37675	1367	-1.0	18.0	3.6	3.6	IshiwaEtal2021,MiuraEtal1998,IgarashiEtal1995a,IgarashiEtal1995b
Beta-100327	-69.015	39.568	37930	1246	-1.0	9.7	1.94	1.94	IshiwaEtal2021,MiuraEtal1998
Beta-10340	-69.015	39.568	38138	949	-1.0	5.4	1.08	1.08	IshiwaEtal2021,MiuraEtal1998
NUTA-Ishiwa03	-69.015	39.568	38317	1159	-1.0	17.0	3.4000000000000004	3.4000000000000004	IshiwaEtal2021,MiuraEtal1998,IgarashiEtal1995a,IgarashiEtal1995b
Beta-100330	-69.015	39.568	38473	892	-1.0	8.6	1.72	1.72	IshiwaEtal2021,MiuraEtal1998
Beta-116847	-69.015	39.568	38518	852	-1.0	9.8	1.9600000000000002	1.9600000000000002	IshiwaEtal2021,MiuraEtal1998
Beta-100324	-69.015	39.568	38625	1232	-1.0	10.4	2.08	2.08	IshiwaEtal2021,MiuraEtal1998
Beta-90954	-69.015	39.568	39178	3121	-1.0	3.0	1.0	1.0	IshiwaEtal2021,MiuraEtal1998,HirakawaSawagaki1998
NUTA-Ishiwa01	-69.015	39.568	39578	1259	-1.0	13.0	2.6	2.6	IshiwaEtal2021,MiuraEtal1998,IgarashiEtal1995a
Beta-100329	-69.015	39.568	40000	757	-1.0	8.5	1.7000000000000002	1.7000000000000002	IshiwaEtal2021,MiuraEtal1998
Beta-80994	-69.015	39.568	39879	2702	-1.0	10.0	2.0	2.0	IshiwaEtal2021,MiuraEtal1998,HirakawaSawagaki1998
Beta-10334	-69.015	39.568	40147	740	-1.0	6.0	1.2000000000000002	1.2000000000000002	IshiwaEtal2021,MiuraEtal1998
Beta-80999	-69.015	39.568	40344	1517	-1.0	4.0	1.0	1.0	IshiwaEtal2021,MiuraEtal1998,HirakawaSawagaki1998
Beta-10336	-69.015	39.568	40785	785	-1.0	5.0	1.0	1.0	IshiwaEtal2021,MiuraEtal1998
Beta-10338	-69.015	39.568	40785	785	-1.0	3.0	1.0	1.0	IshiwaEtal2021,MiuraEtal1998
Beta-10337	-69.015	39.568	40890	768	-1.0	4.1	1.0	1.0	IshiwaEtal2021,MiuraEtal1998
Beta-100328	-69.015	39.568	40915	787	-1.0	9.7	1.94	1.94	IshiwaEtal2021,MiuraEtal1998
Beta-100331	-69.015	39.568	40966	873	-1.0	7.0	1.4000000000000001	1.4000000000000001	IshiwaEtal2021,MiuraEtal1998
Beta-100322	-69.015	39.568	41327	821	-1.0	10.2	2.04	2.04	IshiwaEtal2021,MiuraEtal1998
Beta-90958	-69.015	39.568	41652	636	-1.0	17.0	3.4000000000000004	3.4000000000000004	IshiwaEtal2021,MiuraEtal1998,HirakawaSawagaki1998
Beta-110487	-69.015	39.568	42026	1277	-1.0	12.0	2.4000000000000004	2.4000000000000004	IshiwaEtal2021,MiuraEtal1998
Beta-10339	-69.015	39.568	41871	670	-1.0	2.9	1.0	1.0	IshiwaEtal2021,MiuraEtal1998
Beta-90959	-69.015	39.568	41878	644	-1.0	6.0	1.2000000000000002	1.2000000000000002	IshiwaEtal2021,MiuraEtal1998,HirakawaSawagaki1998
Beta-90957	-69.015	39.568	42202	679	-1.0	12.0	0.5	0.5	IshiwaEtal2021,MiuraEtal1998,HirakawaSawagaki1998
Beta-110486	-69.015	39.568	44091	1701	-1.0	12.0	2.4000000000000004	2.4000000000000004	IshiwaEtal2021,MiuraEtal1998
Beta-110488	-69.011	39.574	44251	1713	-1.0	11.0	2.2	2.2	IshiwaEtal2021,MiuraEtal1998
Beta-110485	-69.015	39.568	44612	1941	-1.0	16.0	3.2	3.2	IshiwaEtal2021,MiuraEtal1998
Beta-10335	-69.015	39.568	44463	1572	-1.0	5.7	1.1400000000000001	1.1400000000000001	IshiwaEtal2021,MiuraEtal1998
Beta-90140	-69.015	39.568	44634	1739	-1.0	12.0	2.4000000000000004	2.4000000000000004	IshiwaEtal2021,MiuraEtal1998
Beta-116848	-69.015	39.568	44419	1211	-1.0	6.5	1.3	1.3	IshiwaEtal2021,MiuraEtal1998
Beta-10333	-69.015	39.568	45299	1939	-1.0	5.7	1.1400000000000001	1.1400000000000001	IshiwaEtal2021,MiuraEtal1998
Beta-10332	-69.015	39.568	45538	2201	-1.0	6.2	1.2400000000000002	1.2400000000000002	IshiwaEtal2021,MiuraEtal1998
