UL-2261	48.57	-69.13	1753	264	0.0	4.0	1.8	1.8	DionneEtal2004,VacchiEtal2018
GSC-5390	48.13	-69.68	6681	376	0.0	4.1	1.8	1.8	DionneOcchietti1996,VacchiEtal2018
UL-462	48.1	-69.7	1135	153	0.0	4.5	1.1	1.1	Dionne1996,VacchiEtal2018
UL-2238	48.57	-69.13	1468	119	0.0	4.2	1.9	1.9	DionneEtal2004,VacchiEtal2018
BETA-18334	48.1	-69.71	1108	144	0.0	3.9	1.6	1.6	Dionne1996,VacchiEtal2018
BETA-18333	48.1	-69.71	1147	140	0.0	3.8	1.6	1.6	Dionne1996,VacchiEtal2018
UL-2217	48.57	-69.13	1533	159	0.0	4.2	1.9	1.9	DionneEtal2004,VacchiEtal2018
UL-324	48.1	-69.7	2115	175	0.0	3.9	1.6	1.6	Dionne1996,VacchiEtal2018
GSC-1500	48.13	-69.68	11132	465	-1.0	85.0	4.3	4.3	DionneOcchietti1996,VacchiEtal2018
UL-697	48.11	-69.72	9798	458	-1.0	55.0	2.8	2.8	DionneOcchietti1996,VacchiEtal2018
UQ-1232	49.32	-68.16	11413	526	-1.0	73.1	2.0	2.0	DuboisEtal1988,VacchiEtal2018
UL-839	48.1	-69.7	1264	135	0.0	3.5	1.6	1.6	Dionne1996,VacchiEtal2018
UL-987	48.23	-69.57	7009	381	0.0	4.1	1.8	1.8	DionneOcchietti1996,VacchiEtal2018
UQ-1229	49.29	-68.16	10524	505	-1.0	59.6	2.0	2.0	DuboisEtal1988,VacchiEtal2018
UQ-1231	49.32	-68.16	11200	525	-1.0	76.0	2.0	2.0	DuboisEtal1988,VacchiEtal2018
UQ-1233	49.32	-68.16	11903	539	-1.0	72.0	2.0	2.0	DuboisEtal1988,VacchiEtal2018
UQ-1234	49.32	-68.16	11744	532	-1.0	72.0	2.0	2.0	DuboisEtal1988,VacchiEtal2018
BETA-11285	48.23	-69.53	6273	245	1.0	16.2	0.8	0.8	DionneOcchietti1996,VacchiEtal2018
BETA-10818	48.23	-69.53	9399	289	-1.0	35.8	1.8	1.8	DionneOcchietti1996,VacchiEtal2018
BETA-10817	48.23	-69.53	9450	436	-1.0	20.6	1.0	1.0	DionneOcchietti1996,VacchiEtal2018
GSC-5945	48.1	-69.71	9755	374	-1.0	3.2	0.6	0.6	DionneOcchietti1996,VacchiEtal2018
GSC-5944	48.1	-69.71	9787	360	-1.0	6.8	0.6	0.6	DionneOcchietti1996,VacchiEtal2018
GSC-5476	48.13	-69.68	7096	314	-1.0	3.0	1.0	1.0	DionneOcchietti1996,VacchiEtal2018
I-5922	48.19	-69.72	11442	615	-1.0	83.0	4.2	4.2	DionneOcchietti1996,VacchiEtal2018
UL-2131	48.82	-68.88	9052	333	0.0	8.6	1.6	1.6	Dionne2001a,VacchiEtal2018
UL-715	48.1	-69.7	1173	124	1.0	5.2	0.6	0.6	Dionne1996,VacchiEtal2018
UL-2090	48.82	-68.88	10102	475	-1.0	8.0	0.4	0.4	Dionne2001a,VacchiEtal2018
GSC-5313	48.1	-69.7	1905	197	0.0	3.3	1.5	1.5	Dionne1996,VacchiEtal2018
UL-2089	48.82	-68.88	9029	463	0.0	9.1	1.6	1.6	Dionne2001a,VacchiEtal2018
UL-2006	48.57	-69.13	1932	170	0.0	3.9	1.3	1.3	DionneEtal2004,VacchiEtal2018
UL-2002	48.57	-69.13	2170	152	0.0	3.9	1.3	1.3	DionneEtal2004,VacchiEtal2018
UL-2001	48.57	-69.13	1455	92	0.0	4.0	1.8	1.8	DionneEtal2004,VacchiEtal2018
UL-1865	48.57	-69.13	1636	145	0.0	4.0	1.8	1.8	DionneEtal2004,VacchiEtal2018
BETA-36108	48.07	-69.74	7425	136	1.0	30.0	1.5	1.5	DionneOcchietti1996,VacchiEtal2018
UL-1912	48.57	-69.13	1923	180	0.0	4.0	1.8	1.8	DionneEtal2004,VacchiEtal2018
BETA-36105	48.1	-69.7	1414	114	0.0	4.3	1.6	1.6	Dionne1996,VacchiEtal2018
UL-2007	48.57	-69.13	1784	175	0.0	4.2	1.9	1.9	DionneEtal2004,VacchiEtal2018
BETA-36103	48.1	-69.7	1844	143	0.0	4.1	1.6	1.6	Dionne1996,VacchiEtal2018
BETA-28369	48.1	-69.7	1553	145	0.0	4.4	1.6	1.6	Dionne1996,VacchiEtal2018
BETA-28370	48.1	-69.7	1274	86	0.0	5.0	1.6	1.6	Dionne1996,VacchiEtal2018
BETA-76667	49.25	-68.25	8215	199	1.0	50.0	2.5	2.5	Martindale2020,VacchiEtal2018
UL-1889	48.57	-69.13	2907	142	0.0	3.9	1.2	1.2	DionneEtal2004,VacchiEtal2018
BETA-8283	48.23	-69.53	7944	250	1.0	23.0	1.2	1.2	DionneOcchietti1996,VacchiEtal2018
UL-1890	48.57	-69.13	1739	153	0.0	4.0	1.8	1.8	DionneEtal2004,VacchiEtal2018
BETA-29059	48.1	-69.7	1013	306	0.0	3.9	1.6	1.6	Dionne1996,VacchiEtal2018
28-3-a	48.67	-69.31	11402	405	-1.0	105.0	0.3	0.3	DietrichEtal2017,VacchiEtal2018
UL-1732	48.57	-69.13	2434	260	0.0	3.9	1.3	1.3	DionneEtal2004,VacchiEtal2018
UL-1737	48.57	-69.13	1828	176	0.0	4.0	1.8	1.8	DionneEtal2004,VacchiEtal2018
BETA-37629	48.09	-69.71	1199	154	1.0	5.6	0.6	0.6	Dionne1996,VacchiEtal2018
UL-2083	48.82	-68.88	9236	493	0.0	8.6	1.6	1.6	Dionne2001a,VacchiEtal2018
UL-2084	48.82	-68.88	9869	468	-1.0	7.0	0.4	0.4	Dionne2001a,VacchiEtal2018
BETA-24660	48.1	-69.71	1402	120	0.0	3.9	1.6	1.6	Dionne1996,VacchiEtal2018
UL-1730	48.57	-69.13	1810	224	0.0	4.2	1.9	1.9	DionneEtal2004,VacchiEtal2018
UL-1619	48.82	-68.88	8524	458	0.0	3.1	1.6	1.6	Dionne2001a,VacchiEtal2018
BETA-37627	48.11	-69.72	9847	424	-1.0	55.0	2.8	2.8	DionneOcchietti1996,VacchiEtal2018
BETA-37628	48.11	-69.72	9757	413	-1.0	55.0	2.8	2.8	DionneOcchietti1996,VacchiEtal2018
TO-5150	48.1	-69.7	1284	103	0.0	5.4	1.6	1.6	Dionne1996,VacchiEtal2018
BETA-44565	48.09	-69.71	865	139	1.0	5.2	0.6	0.6	Dionne1996,VacchiEtal2018
UL-2008	48.57	-69.13	2437	268	0.0	3.9	1.3	1.3	DionneEtal2004,VacchiEtal2018
