T-113	69.66666666666667	19.0	11411	1010	-1.0	10.0	1.18	1.1787217336716214	Nydal1960,CreelEtal2022
T-4868A	69.757	19.97	10047	450	-1.0	25.9	1.27	1.268812045845702	CornerHaugane1993,CreelEtal2022
T-4867	69.731	19.86	393	230	0.0	2.62	1.77	1.7704782089838165	CornerHaugane1993,CreelEtal2022
Tua-5647	69.752	19.95	9729	171	0.0	19.88	1.36	1.3610709568348385	RasmussenEtal2018,CreelEtal2022
Tua-5646	69.752	19.95	9234	185	0.0	19.88	1.36	1.3610709568348385	RasmussenEtal2018,CreelEtal2022
T-8987	69.750129	19.960729	4730	126	1.0	33.67	1.32	1.316697867848273	BakkeEtal2005,CreelEtal2022
T-110	69.58333333333333	19.4	12945	968	-1.0	60.0	1.29	1.2919631622269094	Nydal1960,CreelEtal2022
Ua-44733	69.7511	19.95	10407	151	-1.0	21.86	0.19	0.1903261740215049	RasmussenEtal2018,CreelEtal2022
Ua-44732	69.7578	19.97	9706	158	0.0	25.98	1.36	1.3582525717294867	RasmussenEtal2018,CreelEtal2022
T-509	69.654706	19.610958	12561	421	-1.0	42.5	3.17	3.1669908518317254	Andersen1968,CreelEtal2022
T-112	69.66666666666667	18.966666666666665	12945	968	-1.0	8.0	2.24	2.242646219539739	Nydal1960,CreelEtal2022
Ua-44731	69.752	19.95	6987	172	0.0	19.88	1.36	1.3610709568348385	RasmussenEtal2018,CreelEtal2022
Ua-44730	69.752	19.95	6777	106	0.0	19.88	1.36	1.3610709568348385	RasmussenEtal2018,CreelEtal2022
T-332	69.654706	19.610958	13059	313	-1.0	20.0	3.17	3.1669908518317254	Andersen1968,CreelEtal2022
Beta-154064	69.750129	19.960729	10564	329	0.0	35.02	1.89	1.8893882327164824	BakkeEtal2005,CreelEtal2022
Beta-154065	69.750129	19.960729	12446	307	-1.0	35.0	1.33	1.325158045970534	BakkeEtal2005,CreelEtal2022
Beta-154827	69.750129	19.960729	8838	168	1.0	33.67	1.32	1.316697867848273	BakkeEtal2005,CreelEtal2022
T-5157	69.752	19.95	8732	265	1.0	18.67	1.23	1.226880597858311	CornerHaugane1993,CreelEtal2022
T-631	69.75	19.666666666666668	12848	339	-1.0	53.0	3.17	3.1678494381124156	Andersen1968,NydalEtal1970,CreelEtal2022
T-4651A	69.751	19.95	8461	408	1.0	20.22	1.24	1.235621864827754	CornerHaugane1993,CreelEtal2022
