Lu-269	56.03	14.62	7684	142	1.0	5.0	0.6403124237432849	0.6403124237432849	Berglund1971,RosentauEtal2021
Lu-302	56.03	14.62	7542	111	-1.0	5.0	0.6403124237432849	0.6403124237432849	Berglund1971,RosentauEtal2021
Lu-313	56.03	14.62	4212	200	0.0	5.0	0.6708203932499369	0.6708203932499369	Berglund1971,RosentauEtal2021
LuS-10393	55.73	14.21	10513	198	1.0	-15.4	0.3014962686336267	0.3014962686336267	Hansson2018,RosentauEtal2021
LuS-10673	55.73	14.21	8935	341	1.0	-11.7	0.3176476034853718	0.3176476034853718	HanssonEtal2018,RosentauEtal2021
LuS-10674	55.73	14.21	8807	185	1.0	-11.6	0.3176476034853718	0.3176476034853718	HanssonEtal2018,RosentauEtal2021
LuS-10675	55.73	14.21	8951	340	1.0	-10.3	0.3176476034853718	0.3176476034853718	HanssonEtal2018,RosentauEtal2021
LuS-10676	55.73	14.21	8870	203	1.0	-8.7	0.3176476034853718	0.3176476034853718	HanssonEtal2018,RosentauEtal2021
LuS-10878	55.73	14.22	10827	236	1.0	-16.8	0.3014962686336267	0.3014962686336267	Hansson2018,RosentauEtal2021
LuS-10879	55.73	14.22	10836	232	1.0	-16.8	0.3014962686336267	0.3014962686336267	Hansson2018,RosentauEtal2021
LuS-10880	55.73	14.21	8793	178	1.0	-8.5	0.3176476034853718	0.3176476034853718	HanssonEtal2018,RosentauEtal2021
LuS-10881	55.73	14.21	8997	206	1.0	-11.8	0.3176476034853718	0.3176476034853718	HanssonEtal2018,RosentauEtal2021
LuS-10926	55.72	14.19	8156	122	1.0	-2.5	0.5838664230798	0.5838664230798	Hansson2018,RosentauEtal2021
LuS-10962	55.73	14.21	8839	170	1.0	-8.5	0.3176476034853718	0.3176476034853718	HanssonEtal2018,RosentauEtal2021
LuS-11011	55.73	14.2	8826	165	1.0	-5.6	0.3014962686336267	0.3014962686336267	HanssonEtal2018,RosentauEtal2021
LuS-11093	55.73	14.23	10968	199	1.0	-19.2	0.3176476034853718	0.3176476034853718	HanssonEtal2018a,RosentauEtal2021
LuS-11094	55.73	14.22	10666	154	1.0	-17.9	0.3176476034853718	0.3176476034853718	HanssonEtal2018a,RosentauEtal2021
LuS-11120	55.73	14.22	10839	232	1.0	-19.6	0.3176476034853718	0.3176476034853718	HanssonEtal2018a,RosentauEtal2021
LuS-11121	55.73	14.22	11023	199	1.0	-20.2	0.3176476034853718	0.3176476034853718	HanssonEtal2018a,RosentauEtal2021
LuS-11401	55.73	14.2	10593	145	1.0	-8.5	0.5838664230798	0.5838664230798	HanssonEtal2018a,RosentauEtal2021
Lus-11402	55.73	14.2	10612	148	1.0	-9.0	0.5838664230798	0.5838664230798	HanssonEtal2018a,RosentauEtal2021
LuS-11403	55.73	14.2	10467	176	1.0	-8.6	0.5838664230798	0.5838664230798	HanssonEtal2018,RosentauEtal2021
LuS-11404	55.73	14.2	10416	147	1.0	-8.9	0.5838664230798	0.5838664230798	HanssonEtal2018a,RosentauEtal2021
LuS-11405	55.73	14.2	10837	236	1.0	-9.0	0.5838664230798	0.5838664230798	Hansson2018,RosentauEtal2021
LuS-11406	55.73	14.22	10795	251	1.0	-19.8	0.5838664230798	0.5838664230798	HanssonEtal2018a,RosentauEtal2021
LuS-11407	55.73	14.2	10791	251	1.0	-8.9	0.5838664230798	0.5838664230798	HanssonEtal2018a,RosentauEtal2021
LuS-11408	55.73	14.2	10943	209	1.0	-9.2	0.5838664230798	0.5838664230798	HanssonEtal2018a,RosentauEtal2021
LuS-11409	55.73	14.22	10666	154	1.0	-19.9	0.5838664230798	0.5838664230798	HanssonEtal2018a,RosentauEtal2021
LuS-11410	55.73	14.21	10522	171	1.0	-13.8	0.5838664230798	0.5838664230798	HanssonEtal2018a,RosentauEtal2021
LuS-11411	55.73	14.2	10795	251	0.0	-7.1	0.5838664230798	0.5838664230798	HanssonEtal2018a,RosentauEtal2021
LuS-11557	55.73	14.23	10962	214	1.0	-18.8	0.3176476034853718	0.3176476034853718	HanssonEtal2018a,RosentauEtal2021
LuS-11558	55.73	14.2	10532	174	0.0	-10.2	0.5838664230798	0.5838664230798	HanssonEtal2018a,RosentauEtal2021
LuS-11559	55.73	14.22	10946	218	0.0	-19.5	0.5838664230798	0.5838664230798	HanssonEtal2018a,RosentauEtal2021
LuS-11560	55.73	14.2	10554	167	0.0	-9.0	0.5838664230798	0.5838664230798	HanssonEtal2018a,RosentauEtal2021
LuS-11561	55.73	14.22	10500	178	1.0	-18.7	0.5838664230798	0.5838664230798	HanssonEtal2018a,RosentauEtal2021
LuS-11562	55.73	14.23	10975	202	0.0	-23.2	0.5838664230798	0.5838664230798	HanssonEtal2018a,RosentauEtal2021
LuS-11563	55.73	14.21	10532	167	0.0	-17.6	0.5838664230798	0.5838664230798	HanssonEtal2018a,RosentauEtal2021
LuS-11564	55.73	14.21	10395	132	1.0	-11.3	0.3014962686336267	0.3014962686336267	Hansson2018,RosentauEtal2021
LuS-11806	55.73	14.2	10562	152	1.0	-6.7	0.5838664230798	0.5838664230798	HanssonEtal2018a,RosentauEtal2021
LuS-11807	55.73	14.2	10486	168	1.0	-9.9	0.5838664230798	0.5838664230798	Hansson2018,RosentauEtal2021
LuS-11808	55.73	14.22	10912	200	0.0	-18.5	0.5838664230798	0.5838664230798	HanssonEtal2018a,RosentauEtal2021
LuS-11809	55.73	14.22	10819	234	1.0	-18.7	0.5838664230798	0.5838664230798	HanssonEtal2018a,RosentauEtal2021
LuS-12028	55.73	14.2	10541	145	0.0	-8.3	0.5838664230798	0.5838664230798	HanssonEtal2018a,RosentauEtal2021
LuS-12196	55.73	14.2	9595	105	1.0	-4.8	0.3014962686336267	0.3014962686336267	HanssonEtal2018a,RosentauEtal2021
LuS-12197	55.73	14.2	10025	189	1.0	-4.9	0.3014962686336267	0.3014962686336267	HanssonEtal2018a,RosentauEtal2021
LuS-12198	55.73	14.2	9896	257	1.0	-4.9	0.3014962686336267	0.3014962686336267	HanssonEtal2018a,RosentauEtal2021
Ua-38145	55.73	14.21	8998	256	1.0	-12.0	0.3014962686336267	0.3014962686336267	HanssonEtal2018,RosentauEtal2021
Ua-48207	55.73	14.21	8801	185	1.0	-8.3	0.3014962686336267	0.3014962686336267	Hansson2018,RosentauEtal2021
Ua-48208	55.73	14.2	9963	227	1.0	-6.0	0.3014962686336267	0.3014962686336267	HanssonEtal2018,RosentauEtal2021
Ua-48209	55.73	14.21	10717	266	1.0	-15.4	0.3014962686336267	0.3014962686336267	HanssonEtal2018a,RosentauEtal2021
Ua-48210	55.73	14.22	10799	262	1.0	-19.3	0.5838664230798	0.5838664230798	Hansson2018,RosentauEtal2021
Ua-48211	55.73	14.23	10946	224	0.0	-22.5	0.5838664230798	0.5838664230798	HanssonEtal2018a,RosentauEtal2021
Ua-48212	55.73	14.23	10899	237	1.0	-21.5	0.5838664230798	0.5838664230798	Hansson2018,RosentauEtal2021
Ua-48213	55.73	14.2	8507	96	1.0	-6.3	0.3014962686336267	0.3014962686336267	HanssonEtal2018,RosentauEtal2021
