YAUT-025122	-12.08	128.17	19973	369	0	-115.19	15.0	0.0	IshiwaEtal2019
ANUA-9318	-12.17	128.0	21386	607	0	-123.1	5.0	0.0	YokoyamaEtal2000
ANUA-9317	-12.2	128.04	20970	529	0	-121.4	3.0	0.0	YokoyamaEtal2000
ANUA-9304	-12.16	127.97	27533	501	0	-128.3	10.0	0.0	YokoyamaEtal2000
ANUA-9303	-12.17	128.0	27489	513	0	-123.4	20.0	0.0	YokoyamaEtal2000
ANUA-8816	-12.17	128.0	19413	665	0	-122.8	5.0	0.0	YokoyamaEtal2000
ANUA-8813	-12.2	128.04	16340	611	0	-119.13	5.0	0.0	YokoyamaEtal2000
ANUA-7531	-12.2	128.04	19340	547	0	-120.29	3.0	0.0	YokoyamaEtal2000
ANUA-7516	-12.16	127.97	13188	376	0	-127.87	10.0	0.0	YokoyamaEtal2000
ANUA-6930	-12.2	128.04	20113	646	0	-121.2	3.0	0.0	YokoyamaEtal2000
YAUT-008620	-12.1	128.1	17834	391	-1	-116.44	1.0	1.0	IshiwaEtal2019
YAUT-023311	-12.1	128.1	20330	367	0	-118.18	15.0	0.0	IshiwaEtal2019
ANUA-6807	-12.2	128.04	19171	493	0	-120.27	3.0	0.0	YokoyamaEtal2000
ANUA-9319	-12.64	128.61	12991	420	0	-96.1	3.0	0.0	YokoyamaEtal2000
YAUT-023307	-12.1	128.1	16512	364	-1	-116.18	1.0	1.0	IshiwaEtal2019
YAUT-021707	-12.1	128.1	20295	368	0	-119.37	15.0	0.0	IshiwaEtal2019
Wk-35725	-12.74	128.859	15393	350	0.0	-93.1	0.0	15.0	NicholasEtal2014
Wk-35726	-12.67	128.9	21707	370	0.0	-96.1	0.0	15.0	NicholasEtal2014
Wk-35727	-12.795	128.951	14144	407	0.0	-85.42	0.0	15.0	NicholasEtal2014
Wk-35728	-12.795	128.951	15449	162	0.0	-85.44	3.0	3.0	NicholasEtal2014
YAUT-004124	-11.99	128.2	20583	414	0	-114.09	15.0	0.0	IshiwaEtal2019
YAUT-004123	-11.99	128.2	20260	411	0	-113.86	15.0	0.0	IshiwaEtal2019
ANUA-6900	-12.2	128.04	12770	458	0	-118.42	20.0	0.0	YokoyamaEtal2000
ANUA-9324	-12.28	128.17	18509	456	0	-110.4	5.0	0.0	YokoyamaEtal2000
ANUA-9506	-12.16	127.97	28225	907	0	-128.6	10.0	0.0	YokoyamaEtal2000
YAUT-004122	-11.99	128.2	19885	430	-1	-113.71	1.0	1.0	IshiwaEtal2019
YAUT-008621	-12.1	128.1	17734	399	-1	-116.5	1.0	1.0	IshiwaEtal2019
YAUT-008624	-12.1	128.1	18332	392	-1	-116.55	1.0	1.0	IshiwaEtal2019
LJ-997	-11.733	127.95	18883	2555	0.0	-132.0	10.0	1.0	HubbsBien1967,vanAndelEtal1967,LewisEtal2013
YAUT-028829	-11.99	128.2	20322	367	0	-114.18	15.0	0.0	IshiwaEtal2019
YAUT-025127	-12.26	128.41	17366	377	-1	-108.57	1.0	1.0	IshiwaEtal2019
YAUT-025125	-12.09	128.28	24497	396	0	-109.85	15.0	0.0	IshiwaEtal2019
YAUT-025124	-12.09	128.28	22518	323	0	-107.74	15.0	0.0	IshiwaEtal2019
YAUT-002121	-12.76	128.87	14062	531	-1	-88.22	1.0	1.0	IshiwaEtal2019
YAUT-025121	-12.08	128.17	19576	376	0	-114.83	15.0	0.0	IshiwaEtal2019
YAUT-025118	-11.93	128.15	19781	366	-1	-111.96	1.0	1.0	IshiwaEtal2019
YAUT-025114	-12.08	128.17	20991	382	0	-117.76	15.0	0.0	IshiwaEtal2019
YAUT-025112	-12.08	128.17	20947	383	0	-116.75	15.0	0.0	IshiwaEtal2019
YAUT-025111	-12.08	128.17	20687	343	0	-115.74	15.0	0.0	IshiwaEtal2019
YAUT-025105	-11.93	128.15	20768	362	0	-113.96	15.0	0.0	IshiwaEtal2019
YAUT-025104	-11.93	128.15	20875	377	0	-113.6	15.0	0.0	IshiwaEtal2019
YAUT-025101	-11.93	128.15	20735	355	0	-113.15	15.0	0.0	IshiwaEtal2019
YAUT-023937	-12.26	128.41	25315	345	0	-109.92	15.0	0.0	IshiwaEtal2019
YAUT-023936	-12.26	128.41	25235	374	0	-109.19	15.0	0.0	IshiwaEtal2019
YAUT-023933	-12.18	128.03	20151	371	0	-122.99	15.0	0.0	IshiwaEtal2019
B274-C120806-4	-12.67	128.78	16596	389	0	-96.75	15.0	0.0	IshiwaEtal2019
B274-C120806-3	-12.67	128.78	16611	403	0	-97.64	15.0	0.0	IshiwaEtal2019
ANUA-9404	-12.28	128.17	17489	513	0	-110.35	5.0	0.0	YokoyamaEtal2000
YAUT-004121	-11.99	128.2	19467	377	-1	-113.66	1.0	1.0	IshiwaEtal2019
ANUA-6928	-12.2	128.04	18837	618	0	-120.27	3.0	0.0	YokoyamaEtal2000
Wk-37168	-12.795	128.951	15894	170	0.0	-86.99	3.0	3.0	NicholasEtal2014
YAUT-003111	-12.18	128.03	22090	343	-1	-124.65	1.0	1.0	IshiwaEtal2019
YAUT-003108	-12.18	128.03	20486	370	0	-124.25	15.0	0.0	IshiwaEtal2019
YAUT-000820	-12.18	128.03	22973	444	-1	-124.73	1.0	1.0	IshiwaEtal2019
YAUT-000821	-12.18	128.03	20149	421	0	-123.21	15.0	0.0	IshiwaEtal2019
YAUT-000823	-12.18	128.03	19203	388	0	-122.29	15.0	0.0	IshiwaEtal2019
YAUT-000828	-12.18	128.03	18560	353	0	-121.32	15.0	0.0	IshiwaEtal2019
YAUT-001710	-12.18	128.03	19364	393	0	-122.9	15.0	0.0	IshiwaEtal2019
YAUT-001712	-12.18	128.03	20057	383	0	-123.61	15.0	0.0	IshiwaEtal2019
YAUT-004120	-11.99	128.2	19184	336	-1	-113.61	1.0	1.0	IshiwaEtal2019
YAUT-001719	-12.18	128.03	19426	456	0	-122.8	15.0	0.0	IshiwaEtal2019
YAUT-001721	-12.18	128.03	19008	628	0	-122.7	15.0	0.0	IshiwaEtal2019
YAUT-001725	-12.18	128.03	18904	427	0	-122.15	15.0	0.0	IshiwaEtal2019
YAUT-001729	-12.18	128.03	18400	325	0	-120.7	15.0	0.0	IshiwaEtal2019
YAUT-001730	-12.18	128.03	18772	499	0	-120.74	15.0	0.0	IshiwaEtal2019
YAUT-002106	-11.93	128.15	19877	445	0	-112.21	15.0	0.0	IshiwaEtal2019
YAUT-002119	-12.76	128.87	14641	587	0	-88.34	15.0	0.0	IshiwaEtal2019
YAUT-002711	-11.93	128.15	19748	364	-1	-111.45	1.0	1.0	IshiwaEtal2019
YAUT-002710	-11.93	128.15	19807	366	-1	-111.74	1.0	1.0	IshiwaEtal2019
YAUT-002709	-11.93	128.15	19707	371	-1	-111.6	1.0	1.0	IshiwaEtal2019
YAUT-002708	-11.93	128.15	18229	346	-1	-111.37	1.0	1.0	IshiwaEtal2019
YAUT-028832	-12.18	128.03	18566	321	0	-120.86	15.0	0.0	IshiwaEtal2019
YAUT-028834	-11.99	128.2	20365	369	0	-113.82	15.0	0.0	IshiwaEtal2019
YAUT-028837	-11.99	128.2	20034	376	0	-113.82	15.0	0.0	IshiwaEtal2019
YAUT-003121	-12.08	128.17	19619	433	0	-114.94	15.0	0.0	IshiwaEtal2019
YAUT-003122	-12.08	128.17	19774	411	0	-115.04	15.0	0.0	IshiwaEtal2019
YAUT-008619	-12.09	128.28	21510	474	-1	-106.82	1.0	1.0	IshiwaEtal2019
YAUT-000818	-12.18	128.03	18784	404	0	-121.69	15.0	0.0	IshiwaEtal2019
YAUT-010039	-12.09	128.28	25426	343	0	-109.9	15.0	0.0	IshiwaEtal2019
YAUT-003905	-13.17	129.27	13034	260	0	-67.84	15.0	0.0	IshiwaEtal2019
ANU-10750	-12.37	128.25	17059	546	0	-107.26	5.0	0.0	YokoyamaEtal2000
YAUT-003127	-12.08	128.17	20679	465	0	-115.79	15.0	0.0	IshiwaEtal2019
YAUT-010013	-12.09	128.28	23244	385	0	-109.1	15.0	0.0	IshiwaEtal2019
ANU-10747	-12.37	128.25	17294	628	0	-107.35	5.0	0.0	YokoyamaEtal2000
ANU-10746	-12.37	128.25	18393	440	0	-107.44	5.0	0.0	YokoyamaEtal2000
YAUT-004005	-13.17	129.27	13210	94	0	-67.9	15.0	0.0	IshiwaEtal2019
YAUT-016022	-12.1	128.1	19368	398	0	-117.03	15.0	0.0	IshiwaEtal2019
YAUT-021701	-12.1	128.1	18540	310	-1	-116.8	1.0	1.0	IshiwaEtal2019
YAUT-021705	-12.1	128.1	19032	328	0	-116.9	15.0	0.0	IshiwaEtal2019
YAUT-021706	-12.1	128.1	19270	354	0	-116.99	15.0	0.0	IshiwaEtal2019
YAUT-000811	-12.18	128.03	21323	484	-1	-124.63	1.0	1.0	IshiwaEtal2019
YAUT-000817	-12.18	128.03	27915	486	-1	-124.88	1.0	1.0	IshiwaEtal2019
YAUT-004006	-13.17	129.27	13413	83	0	-67.98	15.0	0.0	IshiwaEtal2019
YAUT-010038	-12.08	128.17	20626	356	0	-115.76	15.0	0.0	IshiwaEtal2019
