Hel-364	68.65	-52.25	6869	446	0.0	28.4	6.0	6.0	Weidick1976,Jungner1979
Hel-341	68.567	-52.967	9169	614	0.0	41.8	9.0	9.0	Weidick1976,Jungner1979
Hel-342	68.6	-52.533	7461	419	0.0	20.0	4.0	4.0	Weidick1976,Jungner1979
Hel-343	68.633	-52.267	5918	410	-1.0	-0.2	1.0	1.0	Weidick1976,Jungner1979
Hel-344	68.633	-52.267	6946	444	-1.0	0.8	1.0	1.0	Weidick1976,Jungner1979
Hel-345	68.65	-52.25	9500	596	0.0	14.0	3.0	3.0	Weidick1976,Jungner1979
Hel-346	68.6	-51.85	7900	423	0.0	42.5	5.0	5.0	Weidick1976,Jungner1979
Hel-347	68.6	-51.883	7694	416	0.0	23.0	5.0	5.0	Weidick1976,Jungner1979
Hel-359	68.65	-52.033	4411	466	0.0	6.5	2.0	2.0	Weidick1976,Jungner1979
Hel-360	68.567	-52.983	6815	416	0.0	13.7	3.0	3.0	Weidick1976,Jungner1979
Hel-437	68.65	-52.25	9564	604	0.0	28.4	6.0	6.0	Weidick1976,Jungner1979
Hel-436	68.65	-52.25	6755	448	0.0	14.0	3.0	3.0	Weidick1976,Jungner1979
Hel-361	68.567	-52.983	6066	398	0.0	20.2	4.0	4.0	Weidick1976,Jungner1979
Hel-363	68.617	-52.35	7838	487	0.0	15.8	3.0	3.0	Weidick1976,Jungner1979
Hel-365	68.65	-52.25	5915	533	0.0	7.4	2.0	2.0	Weidick1976,Jungner1979
Hel-362	68.6	-52.567	10068	549	0.0	17.1	4.0	4.0	Weidick1976,Jungner1979
AA39649	68.6	-52.06666666666667	2473	223	0.0	-2.62	0.48	0.48	LongEtal2003,LongEtal2011
AA38844	68.53333333333333	-52.85	10395	149	1.0	113.29	0.46	0.46	LongRoberts2003,LongEtal2011
AA39648	68.6	-52.06666666666667	1155	135	0.0	-2.62	0.48	0.48	LongEtal2003,LongEtal2011
Hel-455	68.567	-52.967	8590	678	0.0	41.8	9.0	9.0	Weidick1976,Jungner1979
AA39650	68.6	-52.1	3937	189	0.0	1.98	0.48	0.48	LongEtal2003,LongEtal2011
AA39652	68.61666666666666	-52.083333333333336	6208	174	0.0	20.28	0.59	0.59	LongEtal2003,LongEtal2011
AA39653	68.61666666666666	-53.083333333333336	7435	131	0.0	31.96	0.52	0.52	LongEtal2003,LongEtal2011
AA38843	68.53333333333333	-52.85	7545	103	0.0	31.18	0.54	0.54	LongRoberts2003,LongEtal2011
AA39654	68.63333333333334	-52.1	9864	291	0.0	79.61	0.36	0.36	LongEtal2003,LongEtal2011
AA38840	68.45	-52.983333333333334	9076	199	0.0	50.7	0.73	0.73	LongRoberts2003,LongEtal2011
AA38839	68.45	-52.983333333333334	5066	195	0.0	7.41	0.5	0.5	LongRoberts2003,LongEtal2011
AA38838	68.45	-52.95	4446	133	0.0	1.89	0.6	0.6	LongRoberts2003,LongEtal2011
AA-39655	68.61666666666666	-52.1	10397	171	1.0	110.75	1.0	1.0	LongEtal2003
AA-38837	68.45	-52.96666666666667	224	204	0.0	-0.89	0.14	0.14	LongRoberts2003
K-2026	68.617	-52.333	6036	353	-1.0	3.0	1.0	1.0	Weidick1974
AA38841	68.43333333333334	-52.96666666666667	10457	185	0.0	97.09	0.56	0.56	LongRoberts2003,LongEtal2011
AA38842	68.43333333333334	-52.95	10637	360	1.0	127.74	0.59	0.59	LongRoberts2003,LongEtal2011
