IGS-110	53.14	-0.25	4709	433	0.0	-5.5	0.81	0.81	Waller1994,ShennanEtal2018
HV-10806	52.75	-0.16	6348	301	0.0	-9.52	0.22	0.22	Waller1994,ShennanEtal2018
IGS-111	53.13	-0.24	4423	397	0.0	-4.7	0.81	0.81	Waller1994,ShennanEtal2018
IGS-64	52.76	-0.17	5689	325	0.0	-7.7	1.1	1.1	Waller1994,ShennanEtal2018
IGS-112	53.1	-0.23	4647	401	0.0	-5.05	0.81	0.81	Waller1994,ShennanEtal2018
IGS-128	52.69	0.41	6238	305	0.0	-7.47	0.83	0.83	Waller1994,ShennanEtal2018
IGS-127	52.69	0.41	3437	374	0.0	-5.04	0.29	0.29	Waller1994,ShennanEtal2018
IGS-121	52.76	-0.16	5947	319	0.0	-9.43	0.22	0.22	Waller1994,ShennanEtal2018
HV-10807	52.75	-0.16	6492	349	0.0	-9.82	0.8	0.8	Waller1994,ShennanEtal2018
IGS-122	52.76	-0.16	6384	337	0.0	-10.3	0.21	0.21	Waller1994,ShennanEtal2018
HV-10808	52.75	-0.16	2668	290	0.0	-2.35	0.8	0.8	Waller1994,ShennanEtal2018
HV-10817	52.6	0.0	6683	318	0.0	-10.72	0.21	0.21	Waller1994,ShennanEtal2018
IGS-123	52.76	-0.16	6780	363	0.0	-10.29	0.8	0.8	Waller1994,ShennanEtal2018
IGS-126	52.69	0.41	1829	360	0.0	-3.56	0.29	0.29	Waller1994,ShennanEtal2018
IGS-118	52.76	-0.17	5074	395	0.0	-6.12	0.21	0.21	Waller1994,ShennanEtal2018
IGS-119	52.76	-0.17	5630	304	0.0	-8.69	0.22	0.22	Waller1994,ShennanEtal2018
HV-9267	52.77	-0.34	2919	329	0.0	-2.95	0.7	0.7	Waller1994,ShennanEtal2018
HV-10016	52.75	-0.16	5875	269	0.0	-8.78	0.21	0.21	Waller1994,ShennanEtal2018
HV-9268	52.77	-0.34	3717	292	0.0	-3.17	0.21	0.21	Waller1994,ShennanEtal2018
HV-9265	52.76	-0.33	3694	266	0.0	-3.5	0.21	0.21	Waller1994,ShennanEtal2018
HV-9264	52.76	-0.33	2746	367	0.0	-3.08	0.21	0.21	Waller1994,ShennanEtal2018
HV-9263	52.6	0.0	7251	426	0.0	-11.72	0.21	0.21	Waller1994,ShennanEtal2018
HV-9262	52.6	0.0	7134	346	0.0	-12.06	0.21	0.21	Waller1994,ShennanEtal2018
HV-9261	52.6	0.0	6353	297	0.0	-11.59	0.21	0.21	Waller1994,ShennanEtal2018
HAR-147	53.11	-0.23	4583	466	0.0	-4.7	0.81	0.81	Waller1994,ShennanEtal2018
HV-8648	52.77	-0.34	3916	377	0.0	-3.39	0.21	0.21	Waller1994,ShennanEtal2018
HV-10017	52.75	-0.16	6215	262	0.0	-9.88	0.21	0.21	Waller1994,ShennanEtal2018
HV-8645	52.77	-0.34	3791	318	0.0	-2.84	0.21	0.21	Waller1994,ShennanEtal2018
HAR-149	53.08	-0.21	3967	439	0.0	-3.79	0.81	0.81	Waller1994,ShennanEtal2018
HAR-150	53.14	-0.25	4728	503	0.0	-5.05	0.23	0.23	Waller1994,ShennanEtal2018
HV-8644	52.77	-0.34	3127	292	0.0	-3.12	0.21	0.21	Waller1994,ShennanEtal2018
HAR-151	53.11	-0.23	4668	501	0.0	-4.7	0.81	0.81	Waller1994,ShennanEtal2018
HAR-189	53.09	-0.23	4395	426	0.0	-5.05	0.81	0.81	Waller1994,ShennanEtal2018
HAR-192	53.14	-0.25	4794	458	0.0	-5.5	0.81	0.81	Waller1994,ShennanEtal2018
IGS-76	52.82	-0.14	7087	342	0.0	-10.86	1.1	1.1	Waller1994,ShennanEtal2018
HV-10011	52.6	0.0	7438	248	0.0	-11.47	0.21	0.21	Waller1994,ShennanEtal2018
HAR-148	53.09	-0.23	4186	472	0.0	-5.05	0.81	0.81	Waller1994,ShennanEtal2018
IGS-109	53.14	-0.25	4402	403	1.0	-1.6	0.23	0.23	Waller1994,ShennanEtal2018
IGS-75	52.82	-0.14	7096	341	0.0	-12.26	1.19	1.19	Waller1994,ShennanEtal2018
Q-2805	53.12	0.2	2500	305	0.0	-3.04	0.4	0.4	Waller1994,ShennanEtal2018
Q-2818	52.51	0.26	1665	318	0.0	-3.42	0.21	0.21	Waller1994,ShennanEtal2018
Q-2817	52.51	0.26	735	181	0.0	-2.57	0.21	0.21	Waller1994,ShennanEtal2018
Q-2816	52.44	0.14	12452	577	1.0	-7.52	1.96	1.96	Waller1994,ShennanEtal2018
Q-2806	53.12	0.2	2993	264	0.0	-3.42	0.53	0.53	Waller1994,ShennanEtal2018
Q-2501	52.44	0.13	3511	301	0.0	-3.87	0.07	0.07	Waller1994,ShennanEtal2018
Q-2549	52.5	0.46	4838	396	0.0	-6.28	0.41	0.41	Waller1994,ShennanEtal2018
Q-2548	52.5	0.46	4637	331	0.0	-6.01	0.21	0.21	Waller1994,ShennanEtal2018
Q-2547	53.07	0.06	5100	369	1.0	-4.81	2.14	2.14	Waller1994,ShennanEtal2018
Q-2546	53.07	0.06	4944	360	0.0	-6.07	0.8	0.8	Waller1994,ShennanEtal2018
Q-2502	52.44	0.13	3869	340	0.0	-4.08	0.21	0.21	Waller1994,ShennanEtal2018
Q-2545	53.07	0.06	4890	382	0.0	-6.03	0.8	0.8	Waller1994,ShennanEtal2018
Q-2544	53.07	0.06	4844	391	0.0	-6.01	0.06	0.06	Waller1994,ShennanEtal2018
Q-2543	53.07	0.06	4857	396	0.0	-5.79	0.21	0.21	Waller1994,ShennanEtal2018
Q-2542	52.44	0.4	5244	328	1.0	-6.02	1.96	1.96	Waller1994,ShennanEtal2018
Q-2541	52.44	0.4	5164	305	1.0	-5.94	1.96	1.96	Waller1994,ShennanEtal2018
Q-2540	52.44	0.4	5110	310	1.0	-5.86	1.96	1.96	Waller1994,ShennanEtal2018
Q-2539	52.44	0.4	5045	342	0.0	-6.97	0.41	0.41	Waller1994,ShennanEtal2018
Q-2538	52.44	0.4	5006	351	0.0	-6.88	0.41	0.41	Waller1994,ShennanEtal2018
Q-2505	52.44	0.13	3606	331	0.0	-3.89	0.08	0.08	Waller1994,ShennanEtal2018
Q-2506	52.44	0.13	4447	358	0.0	-3.79	0.21	0.21	Waller1994,ShennanEtal2018
Q-2507	52.44	0.13	4864	388	0.0	-4.03	0.7	0.7	Waller1994,ShennanEtal2018
Q-2508	52.65	0.15	1989	301	0.0	-3.1	0.21	0.21	Waller1994,ShennanEtal2018
Q-2510	52.65	0.15	2464	282	0.0	-3.6	0.21	0.21	Waller1994,ShennanEtal2018
SRR-1756	52.61	-0.08	3205	272	0.0	-4.27	0.45	0.45	Waller1994,ShennanEtal2018
Q-2511	52.65	0.15	2056	275	0.0	-2.96	0.21	0.21	Waller1994,ShennanEtal2018
Q-2821	52.51	0.26	4204	308	0.0	-5.35	0.21	0.21	Waller1994,ShennanEtal2018
Q-2823	52.51	0.26	6698	331	0.0	-10.69	0.23	0.23	Waller1994,ShennanEtal2018
Q-581	52.44	0.4	5926	338	0.0	-6.62	0.21	0.21	Waller1994,ShennanEtal2018
Q-580	52.44	0.4	5484	410	0.0	-6.61	0.21	0.21	Waller1994,ShennanEtal2018
Q-2558	52.94	-0.16	1517	208	0.0	-1.82	0.21	0.21	Waller1994,ShennanEtal2018
Q-2557	52.94	-0.16	1660	264	0.0	-2.23	0.21	0.21	Waller1994,ShennanEtal2018
Q-547	52.66	0.37	3559	396	0.0	-3.56	0.54	0.54	Waller1994,ShennanEtal2018
Q-531	52.57	0.12	3248	365	0.0	-3.29	0.23	0.23	Waller1994,ShennanEtal2018
Q-2556	52.94	-0.11	1583	239	0.0	-1.8	0.21	0.21	Waller1994,ShennanEtal2018
Q-2555	52.51	-0.18	4425	377	1.0	-3.87	1.96	1.96	Waller1994,ShennanEtal2018
Q-2554	52.51	-0.18	4176	322	1.0	-3.66	2.14	2.14	Waller1994,ShennanEtal2018
Q-2553	52.51	-0.18	4077	328	0.0	-4.83	0.06	0.06	Waller1994,ShennanEtal2018
Q-2552	52.51	-0.18	4061	336	0.0	-4.6	0.21	0.21	Waller1994,ShennanEtal2018
Q-2551	52.5	0.46	4222	338	0.0	-5.27	0.07	0.07	Waller1994,ShennanEtal2018
Q-2550	52.5	0.46	5170	310	0.0	-6.43	0.8	0.8	Waller1994,ShennanEtal2018
Q-490	52.72	0.38	4364	443	0.0	-4.74	0.21	0.21	Waller1994,ShennanEtal2018
Q-489	52.72	0.38	4357	445	0.0	-4.77	0.21	0.21	Waller1994,ShennanEtal2018
Q-474	52.51	-0.07	4966	427	1.0	-4.04	0.82	0.82	Waller1994,ShennanEtal2018
Q-31	52.71	0.35	5349	411	0.0	-9.47	0.21	0.21	Waller1994,ShennanEtal2018
Q-2828	53.09	0.14	3516	292	0.0	-3.71	0.39	0.39	Waller1994,ShennanEtal2018
Q-2827	53.09	0.14	3318	290	0.0	-3.25	0.39	0.39	Waller1994,ShennanEtal2018
Q-2826	53.09	0.14	2852	322	0.0	-3.4	0.39	0.39	Waller1994,ShennanEtal2018
Q-2825	53.09	0.14	2436	298	0.0	-2.88	0.39	0.39	Waller1994,ShennanEtal2018
AA-22358	52.76	-0.16	6959	282	0.0	-10.39	0.21	0.21	BrewEtal2000,ShennanEtal2018
Q-2824	52.51	0.26	7047	351	0.0	-10.61	0.23	0.23	Waller1994,ShennanEtal2018
Q-2822	52.51	0.26	6544	306	0.0	-9.96	0.23	0.23	Waller1994,ShennanEtal2018
Q-2514	52.65	0.15	2818	330	0.0	-3.52	0.21	0.21	Waller1994,ShennanEtal2018
Q-2537	52.44	0.4	4949	346	0.0	-6.64	0.21	0.21	Waller1994,ShennanEtal2018
Q-2531	52.44	0.2	4886	410	1.0	-6.03	1.96	1.96	Waller1994,ShennanEtal2018
Q-2525	53.1	0.03	4231	339	0.0	-4.6	0.21	0.21	Waller1994,ShennanEtal2018
Q-2524	52.65	0.2	2374	336	0.0	-3.25	0.41	0.41	Waller1994,ShennanEtal2018
Q-2523	52.65	0.2	2500	276	0.0	-3.02	0.21	0.21	Waller1994,ShennanEtal2018
Q-2522	52.65	0.2	2397	319	0.0	-3.4	0.21	0.21	Waller1994,ShennanEtal2018
SRR-4638	53.02	0.04	6336	280	0.0	-8.31	0.8	0.8	Waller1994,ShennanEtal2018
SRR-4637	53.02	0.04	6152	224	0.0	-8.06	0.21	0.21	Waller1994,ShennanEtal2018
SRR-4636	53.03	0.05	5152	287	0.0	-5.54	0.8	0.8	Waller1994,ShennanEtal2018
SRR-4635	53.03	0.05	5152	287	0.0	-5.27	0.21	0.21	Waller1994,ShennanEtal2018
SRR-4634	53.0	0.04	5690	227	0.0	-6.49	0.21	0.21	Waller1994,ShennanEtal2018
SRR-4633	53.11	-0.07	4505	317	0.0	-4.26	0.8	0.8	Waller1994,ShennanEtal2018
SRR-4632	53.11	-0.07	4439	354	0.0	-3.94	0.21	0.21	Waller1994,ShennanEtal2018
Q-2521	52.65	0.2	2826	340	0.0	-3.78	0.21	0.21	Waller1994,ShennanEtal2018
AA-22355	52.75	0.33	8053	266	0.0	-16.32	0.21	0.21	BrewEtal2000,ShennanEtal2018
AA-22356	52.76	-0.16	5889	278	0.0	-9.52	0.21	0.21	BrewEtal2000,ShennanEtal2018
AA-22357	52.76	-0.16	6457	257	0.0	-10.28	0.21	0.21	BrewEtal2000,ShennanEtal2018
Q-2519	52.65	0.2	2076	278	0.0	-3.22	0.21	0.21	Waller1994,ShennanEtal2018
SRR-1761	52.63	0.05	6959	282	0.0	-12.25	0.83	0.83	Waller1994,ShennanEtal2018
SRR-1760	52.63	0.05	5201	323	0.0	-7.93	0.45	0.45	Waller1994,ShennanEtal2018
SRR-1759	52.63	0.05	2583	243	0.0	-3.7	0.45	0.45	Waller1994,ShennanEtal2018
Q-2518	52.66	0.2	2475	280	0.0	-3.57	0.21	0.21	Waller1994,ShennanEtal2018
Q-2517	52.66	0.2	2430	295	0.0	-3.47	0.41	0.41	Waller1994,ShennanEtal2018
Q-2516	52.66	0.2	2455	283	0.0	-3.4	0.41	0.41	Waller1994,ShennanEtal2018
SRR-1755	52.72	0.08	2340	343	0.0	-4.17	0.45	0.45	Waller1994,ShennanEtal2018
AA-26374	53.06	0.15	5398	316	0.0	-5.9	0.21	0.21	BrewEtal2000,ShennanEtal2018
AA-26373	53.06	0.15	5174	327	0.0	-5.45	0.21	0.21	BrewEtal2000,ShennanEtal2018
AA-26372	52.68	-0.02	6606	274	0.0	-9.45	0.21	0.21	BrewEtal2000,ShennanEtal2018
AA-26371	52.68	-0.02	6534	239	0.0	-9.19	0.21	0.21	BrewEtal2000,ShennanEtal2018
Q-2530	52.44	0.2	4777	358	1.0	-5.92	1.96	1.96	Waller1994,ShennanEtal2018
Q-2529	52.44	0.2	4640	330	1.0	-5.76	1.96	1.96	Waller1994,ShennanEtal2018
SRR-1588	52.6	0.0	1771	273	0.0	-4.74	0.22	0.22	Waller1994,ShennanEtal2018
SRR-1589	52.6	0.0	4745	374	0.0	-7.66	0.21	0.21	Waller1994,ShennanEtal2018
SRR-1590	52.6	0.0	5171	292	0.0	-8.34	0.21	0.21	Waller1994,ShennanEtal2018
Q-2515	52.66	0.2	2471	275	0.0	-2.92	0.21	0.21	Waller1994,ShennanEtal2018
Q-2528	52.44	0.2	4420	384	0.0	-6.63	0.21	0.21	Waller1994,ShennanEtal2018
Q-2526	53.1	0.03	3369	320	0.0	-4.19	0.21	0.21	Waller1994,ShennanEtal2018
AA-26355	53.12	0.2	3085	285	0.0	-3.96	0.21	0.21	BrewEtal2000,ShennanEtal2018
AA-26356	53.09	0.09	3378	307	0.0	-3.82	0.44	0.44	BrewEtal2000,ShennanEtal2018
AA-26357	52.76	-0.16	6732	313	0.0	-10.1	0.21	0.21	BrewEtal2000,ShennanEtal2018
Q-2559	52.94	-0.16	1697	277	0.0	-2.26	0.21	0.21	Waller1994,ShennanEtal2018
AA-26358	52.61	0.07	1118	221	0.0	-2.5	0.21	0.21	Shennan1986,ShennanEtal2018
AA-26360	52.88	-0.17	5624	272	0.0	-6.59	0.21	0.21	BrewEtal2000,ShennanEtal2018
AA-26361	52.88	-0.17	5604	273	0.0	-6.85	0.21	0.21	BrewEtal2000,ShennanEtal2018
AA-26362	52.6	0.0	2474	274	0.0	-4.1	0.4	0.4	Shennan1986,ShennanEtal2018
AA-26363	52.74	0.39	1921	323	0.0	-3.82	0.21	0.21	BrewEtal2000,ShennanEtal2018
AA-22354	52.75	0.33	7887	237	0.0	-15.98	0.21	0.21	BrewEtal2000,ShennanEtal2018
AA-26364	52.74	0.39	3088	275	0.0	-4.52	0.21	0.21	BrewEtal2000,ShennanEtal2018
AA-26366	52.74	0.39	6915	316	0.0	-9.87	0.21	0.21	BrewEtal2000,ShennanEtal2018
AA-26367	52.63	0.25	7549	212	1.0	-14.2	0.8	0.8	BrewEtal2000,ShennanEtal2018
AA-26368	52.63	0.25	7783	210	1.0	-13.09	1.96	1.96	BrewEtal2000,ShennanEtal2018
AA-26369	52.68	-0.02	5168	302	0.0	-6.79	0.21	0.21	BrewEtal2000,ShennanEtal2018
AA-26370	52.68	-0.02	5537	309	0.0	-7.25	0.21	0.21	BrewEtal2000,ShennanEtal2018
AA-26359	52.61	0.07	2041	280	0.0	-4.25	0.21	0.21	Shennan1986,ShennanEtal2018
Q-2562	53.09	0.07	3560	293	0.0	-4.44	0.21	0.21	Waller1994,ShennanEtal2018
Q-2819	52.51	0.26	2320	358	0.0	-3.9	0.21	0.21	Waller1994,ShennanEtal2018
Q-2564	53.08	0.06	3677	290	0.0	-3.87	0.21	0.21	Waller1994,ShennanEtal2018
Q-2803	52.65	0.03	4526	321	0.0	-6.76	0.21	0.21	Waller1994,ShennanEtal2018
Q-2563	53.08	0.06	3303	316	0.0	-3.41	0.21	0.21	Waller1994,ShennanEtal2018
Q-2804	52.65	0.03	4902	377	0.0	-7.21	0.21	0.21	Waller1994,ShennanEtal2018
Q-588	52.44	0.4	9679	499	1.0	-6.88	1.96	1.96	Waller1994,ShennanEtal2018
Q-587	52.44	0.4	8498	448	1.0	-6.58	1.96	1.96	Waller1994,ShennanEtal2018
Q-586	52.44	0.4	7578	338	1.0	-6.48	1.96	1.96	Waller1994,ShennanEtal2018
Q-585	52.44	0.4	6088	343	1.0	-6.28	1.96	1.96	Waller1994,ShennanEtal2018
Q-584	52.44	0.4	6269	342	1.0	-6.23	1.96	1.96	Waller1994,ShennanEtal2018
Q-583	52.44	0.4	6049	342	1.0	-6.08	1.96	1.96	Waller1994,ShennanEtal2018
AA-22364	52.78	-0.13	7144	280	0.0	-12.2	0.21	0.21	BrewEtal2000,ShennanEtal2018
AA-22363	52.78	-0.13	7111	302	0.0	-11.8	0.21	0.21	BrewEtal2000,ShennanEtal2018
AA-22362	52.6	0.0	7177	259	0.0	-11.65	0.21	0.21	Shennan1986,ShennanEtal2018
AA-22361	52.6	0.0	6801	327	0.0	-11.13	0.21	0.21	Shennan1986,ShennanEtal2018
AA-22360	52.6	0.0	5907	286	0.0	-8.49	0.21	0.21	Shennan1986,ShennanEtal2018
AA-22359	52.6	0.0	4695	296	0.0	-7.8	0.21	0.21	Shennan1986,ShennanEtal2018
Q-264	52.58	0.35	4579	411	0.0	-5.27	0.71	0.71	Waller1994,ShennanEtal2018
CAR-830	52.37	0.09	3775	300	0.0	-4.12	0.7	0.7	Waller1994,ShennanEtal2018
CAR-829	52.37	0.09	3924	340	0.0	-4.07	0.05	0.05	Waller1994,ShennanEtal2018
Q-829	52.52	0.25	2282	397	0.0	-3.17	0.21	0.21	Waller1994,ShennanEtal2018
Q-582	52.44	0.4	6069	341	1.0	-5.93	1.96	1.96	Waller1994,ShennanEtal2018
Q-263	52.58	0.35	5007	442	0.0	-5.45	0.23	0.23	Waller1994,ShennanEtal2018
Q-2815	52.44	0.14	9129	395	1.0	-7.42	1.96	1.96	Waller1994,ShennanEtal2018
Q-2600	52.8	-0.3	3748	308	0.0	-5.68	0.24	0.24	Waller1994,ShennanEtal2018
Q-2814	52.44	0.14	6209	298	1.0	-6.79	1.96	1.96	Waller1994,ShennanEtal2018
Q-2801	52.65	0.19	2050	281	0.0	-3.13	0.21	0.21	Waller1994,ShennanEtal2018
Q-2807	53.12	0.2	3724	306	0.0	-3.81	0.39	0.39	Waller1994,ShennanEtal2018
Q-2808	52.78	-0.3	2729	329	0.0	-4.63	0.23	0.23	Waller1994,ShennanEtal2018
WW4D	52.71	-0.15	5760	268	0.0	-8.25	0.33	0.33	Waller1994,ShennanEtal2018
Q-2809	52.63	-0.04	4256	448	0.0	-4.93	0.21	0.21	Waller1994,ShennanEtal2018
AA-22366	53.03	0.19	7719	217	0.0	-12.84	0.21	0.21	BrewEtal2000,ShennanEtal2018
AA-22668	52.6	0.0	7147	272	0.0	-11.64	0.21	0.21	Shennan1986,ShennanEtal2018
AA-22669	52.6	0.0	7137	275	0.0	-11.33	0.21	0.21	Shennan1986,ShennanEtal2018
WW4C	52.71	-0.15	4493	346	0.0	-8.22	0.33	0.33	Waller1994,ShennanEtal2018
WW4B	52.71	-0.15	4314	389	0.0	-7.65	0.33	0.33	Waller1994,ShennanEtal2018
AA-22670	52.82	-0.17	6124	239	0.0	-8.77	0.21	0.21	BrewEtal2000,ShennanEtal2018
AA-22671	52.82	-0.17	6734	285	0.0	-9.15	0.21	0.21	BrewEtal2000,ShennanEtal2018
AA-22365	53.03	0.19	7764	218	0.0	-12.69	0.4	0.4	BrewEtal2000,ShennanEtal2018
AA-22675	52.76	0.05	4464	344	0.0	-4.34	0.4	0.4	BrewEtal2000,ShennanEtal2018
AA-22676	52.76	0.05	7900	227	1.0	-14.29	0.8	0.8	BrewEtal2000,ShennanEtal2018
AA-22677	52.76	0.05	8081	239	1.0	-13.26	2.09	2.09	BrewEtal2000,ShennanEtal2018
Q-806	52.72	0.38	2320	380	0.0	-3.89	0.7	0.7	Waller1994,ShennanEtal2018
Q-807	52.72	0.38	2402	344	0.0	-4.0	0.7	0.7	Waller1994,ShennanEtal2018
Q-2811	52.49	-0.18	3495	317	0.0	-6.93	0.21	0.21	Waller1994,ShennanEtal2018
Q-2812	52.49	-0.18	4077	346	0.0	-6.73	0.21	0.21	Waller1994,ShennanEtal2018
Q-2813	52.44	0.14	4407	399	0.0	-6.85	0.21	0.21	Waller1994,ShennanEtal2018
WW4A	52.71	-0.15	5911	285	0.0	-8.75	0.84	0.84	Waller1994,ShennanEtal2018
Q-2802	52.65	0.19	2490	290	0.0	-3.6	0.21	0.21	Waller1994,ShennanEtal2018
Q-2599	52.8	-0.3	3080	276	0.0	-5.93	0.23	0.23	Waller1994,ShennanEtal2018
SRR-1757	52.71	0.07	8682	893	1.0	-12.92	0.83	0.83	Waller1994,ShennanEtal2018
Q-2595	52.44	0.44	4251	324	0.0	-5.15	0.21	0.21	Waller1994,ShennanEtal2018
Q-2579	52.8	-0.3	5054	397	0.0	-7.27	0.81	0.81	Waller1994,ShennanEtal2018
Q-2596	52.44	0.44	4919	365	0.0	-6.09	0.21	0.21	Waller1994,ShennanEtal2018
Q-2576	52.8	-0.3	3047	275	0.0	-4.47	0.41	0.41	Waller1994,ShennanEtal2018
Q-2575	52.8	-0.3	2716	328	0.0	-4.11	0.24	0.24	Waller1994,ShennanEtal2018
Q-2573	52.58	0.07	4674	361	0.0	-5.94	0.23	0.23	Waller1994,ShennanEtal2018
Q-2572	52.58	0.07	4301	391	0.0	-5.14	0.23	0.23	Waller1994,ShennanEtal2018
Q-2580	52.44	0.27	4192	324	0.0	-5.65	0.22	0.22	Waller1994,ShennanEtal2018
Q-2581	52.44	0.27	4674	361	0.0	-5.65	0.21	0.21	Waller1994,ShennanEtal2018
Q-2584	52.44	0.14	3979	373	0.0	-4.53	0.21	0.21	Waller1994,ShennanEtal2018
Q-2571	52.58	0.07	2405	316	0.0	-4.72	0.21	0.21	Waller1994,ShennanEtal2018
Q-2578	52.8	-0.3	3869	340	0.0	-5.49	0.23	0.23	Waller1994,ShennanEtal2018
Q-2585	52.44	0.14	4301	391	0.0	-5.72	0.21	0.21	Waller1994,ShennanEtal2018
Q-2587	52.69	0.34	1727	270	0.0	-4.3	0.21	0.21	Waller1994,ShennanEtal2018
Q-2589	52.69	0.34	4222	317	0.0	-5.05	0.21	0.21	Waller1994,ShennanEtal2018
Q-2569	52.58	0.07	2304	361	0.0	-4.33	0.06	0.06	Waller1994,ShennanEtal2018
Q-2577	52.8	-0.3	3117	297	0.0	-4.79	0.23	0.23	Waller1994,ShennanEtal2018
Q-2565	53.03	-0.09	4238	349	0.0	-3.72	0.21	0.21	Waller1994,ShennanEtal2018
Q-2591	52.65	0.03	2407	315	0.0	-4.21	0.4	0.4	Waller1994,ShennanEtal2018
Q-2590	52.65	0.03	2087	258	0.0	-3.93	0.21	0.21	Waller1994,ShennanEtal2018
Q-2592	52.65	0.03	2729	329	0.0	-4.5	0.21	0.21	Waller1994,ShennanEtal2018
Q-2566	53.03	-0.09	4526	334	0.0	-4.3	0.8	0.8	Waller1994,ShennanEtal2018
Q-2568	53.07	-0.16	4207	336	0.0	-3.82	0.21	0.21	Waller1994,ShennanEtal2018
Q-2567	53.03	-0.09	4178	347	0.0	-4.08	0.21	0.21	Waller1994,ShennanEtal2018
