SUERC-47966	65.92	-22.426	9268	233	0.0	1.45	0.6	0.6	BraderEtal2017
SUERC-47967	65.939	-22.5	5623	272	0.0	3.45	0.6	0.6	BraderEtal2017
SUERC-47970	65.905	-22.42	9918	307	0.0	15.45	0.6	0.6	BraderEtal2017
SUERC-47965	65.903	-22.418	3924	301	0.0	5.15	0.6	0.6	BraderEtal2017
SUERC-47971	65.964	-22.52	9984	312	0.0	21.15	0.6	0.6	BraderEtal2017
SUERC-47972	65.959	-22.516	11908	532	1.0	29.6	0.3	0.3	BraderEtal2017
SUERC-48877	66.001	-22.656	10684	384	0.0	27.55	0.6	0.6	BraderEtal2017
SUERC-54842	66.408	-23.007	9250	238	0.0	17.7	0.6	0.6	BraderEtal2017
SUERC-54849	65.544	-24.418	1365	215	0.0	2.9	0.6	0.6	BraderEtal2017
Saksunarvatn	66.416	-22.648	10210	35	1.0	18.0	0.3	0.3	BraderEtal2017
SUERC-47963	65.937	-22.47	2084	252	0.0	0.2	0.6	0.6	BraderEtal2017
SUERC-47964	65.937	-22.47	2343	336	0.0	0.6	0.85	0.85	BraderEtal2017
