AA-28103	56.9	-5.88	8703	285	1.0	6.97	0.4	0.4	ShennanEtal1993,ShennanEtal2018
Beta-174063	56.92	-5.84	14912	541	1.0	40.12	0.64	0.64	ShennanEtal2005,ShennanEtal2018
AA-28099	56.93	-5.84	4849	376	0.0	5.12	0.4	0.4	ShennanEtal1994,ShennanEtal2018
AA-28097	56.91	-5.83	9959	336	0.0	4.02	0.4	0.4	ShennanEtal1994,ShennanEtal2018
AA-28096	56.91	-5.83	11981	549	0.0	4.02	0.4	0.4	ShennanEtal1994,ShennanEtal2018
AA-28094	56.9	-5.88	15046	535	0.0	15.12	0.4	0.4	ShennanEtal1996a,ShennanEtal2018
AA-28093	56.9	-5.88	14841	541	0.0	16.62	0.4	0.4	ShennanEtal1993,ShennanEtal2018
AA-28092	56.9	-5.88	12945	197	0.0	8.12	0.4	0.4	ShennanEtal1993,ShennanEtal2018
AA-28100	56.93	-5.84	9029	377	0.0	5.37	0.4	0.4	ShennanEtal1996a,ShennanEtal2018
SRR-364B	56.93	-5.51	12877	250	-1.0	0.18	1.53	1.53	PeacockHarkness1990,ShennanEtal2018
UB-4031	56.92	-5.88	8098	256	0.0	5.41	0.21	0.21	ShennanEtal2000b,ShennanEtal2018
SRR-365A	56.93	-5.51	13634	365	-1.0	0.13	1.53	1.53	PeacockHarkness1990,ShennanEtal2018
SRR-365B	56.93	-5.51	13203	345	-1.0	0.13	1.53	1.53	PeacockHarkness1990,ShennanEtal2018
SRR-366A	56.93	-5.51	12884	265	-1.0	0.18	1.53	1.53	PeacockHarkness1990,ShennanEtal2018
AA-54106	56.94	-5.85	8199	211	1.0	6.67	0.21	0.21	ShennanEtal2005,ShennanEtal2018
AA-54107	56.94	-5.85	5920	281	0.0	6.74	0.21	0.21	ShennanEtal2005,ShennanEtal2018
AA-54108	56.94	-5.85	5974	293	0.0	6.59	0.21	0.21	ShennanEtal2005,ShennanEtal2018
SRR-366B	56.93	-5.51	13156	324	-1.0	0.18	1.53	1.53	PeacockHarkness1990,ShennanEtal2018
AA-54109	56.94	-5.85	8003	298	1.0	6.23	0.21	0.21	ShennanEtal2005,ShennanEtal2018
SRR-367	56.93	-5.51	14221	627	-1.0	0.03	1.53	1.53	PeacockHarkness1990,ShennanEtal2018
AA-54110	56.94	-5.85	7712	218	0.0	6.59	0.21	0.21	ShennanEtal2005,ShennanEtal2018
AA-44935	56.88	-5.88	15882	444	0.0	16.62	0.4	0.4	ShennanEtal2005,ShennanEtal2018
SRR-368B	56.93	-5.51	15214	333	-1.0	-0.27	1.53	1.53	PeacockHarkness1990,ShennanEtal2018
AA-54111	56.94	-5.85	7664	213	0.0	6.73	0.21	0.21	ShennanEtal2005,ShennanEtal2018
SRR-369A	56.93	-5.51	15145	345	-1.0	-0.92	1.53	1.53	PeacockHarkness1990,ShennanEtal2018
SRR-369B	56.93	-5.51	14403	462	-1.0	-0.92	1.53	1.53	PeacockHarkness1990,ShennanEtal2018
AA-54112	56.94	-5.85	7382	201	0.0	6.46	0.21	0.21	ShennanEtal2005,ShennanEtal2018
AA-54113	56.94	-5.85	6593	256	0.0	6.54	0.21	0.21	ShennanEtal2005,ShennanEtal2018
SRR-364A	56.93	-5.51	13156	324	-1.0	0.18	1.53	1.53	PeacockHarkness1990,ShennanEtal2018
SRR-368A	56.93	-5.51	15763	353	-1.0	-0.27	1.53	1.53	PeacockHarkness1990,ShennanEtal2018
Beta-174064	56.93	-5.83	14964	539	1.0	59.5	0.4	0.4	ShennanEtal2005,ShennanEtal2018
SRR-4859	56.96	-5.83	6629	265	0.0	6.45	0.22	0.22	ShennanEtal1995,ShennanEtal2018
Beta-91307	56.9	-5.89	12053	521	0.0	3.62	0.51	0.51	ShennanEtal2000b,ShennanEtal2018
SRR-4737	56.91	-5.83	3725	275	0.0	3.62	0.57	0.57	ShennanEtal1994,ShennanEtal2018
SRR-4855	56.93	-5.83	2629	257	0.0	4.45	0.21	0.21	ShennanEtal1994,ShennanEtal2018
SRR-4738	56.9	-5.83	4104	312	0.0	4.02	0.57	0.57	ShennanEtal1994,ShennanEtal2018
SRR-4740	56.9	-5.84	3922	308	0.0	3.91	0.41	0.41	ShennanEtal1994,ShennanEtal2018
Beta-91304	56.9	-5.89	2748	317	0.0	2.82	0.41	0.41	ShennanEtal2000b,ShennanEtal2018
SUERC-3009	56.88	-5.87	15497	377	1.0	35.92	1.12	1.12	ShennanEtal2006,ShennanEtal2018
SRR-4856	56.93	-5.83	3166	273	0.0	4.5	0.21	0.21	ShennanEtal1995,ShennanEtal2018
SRR-4858	56.96	-5.83	6034	253	0.0	6.23	0.22	0.22	ShennanEtal1995,ShennanEtal2018
SRR-4860	56.9	-5.88	11865	550	1.0	6.92	0.41	0.41	ShennanEtal1993,ShennanEtal2018
SRR-4861	56.9	-5.88	12775	274	1.0	6.92	0.41	0.41	ShennanEtal1993,ShennanEtal2018
SRR-4863	56.9	-5.84	7504	185	0.0	5.69	0.6	0.6	ShennanEtal1994,ShennanEtal2018
SRR-4864	56.9	-5.84	9271	239	0.0	5.09	0.41	0.41	ShennanEtal1994,ShennanEtal2018
Beta-91305	56.9	-5.89	5432	284	0.0	5.82	0.41	0.41	ShennanEtal2000b,ShennanEtal2018
SRR-4895	56.93	-5.83	5286	296	0.0	6.3	0.21	0.21	ShennanEtal1995,ShennanEtal2018
SRR-4865	56.9	-5.84	12311	400	0.0	5.34	0.41	0.41	ShennanEtal1994,ShennanEtal1996,ShennanEtal2018
AA-22345	56.89	-5.87	15078	544	0.0	30.82	0.4	0.4	ShennanEtal2000b,ShennanEtal2018
SRR-5489	56.9	-5.89	10089	368	0.0	3.02	0.51	0.51	ShennanEtal2000b,ShennanEtal2018
AA-22339	56.89	-5.87	14574	481	0.0	14.32	0.4	0.4	ShennanEtal2000b,ShennanEtal2018
AA-22341	56.9	-5.82	15689	416	0.0	19.18	0.4	0.4	ShennanEtal2000b,ShennanEtal2018
AA-22342	56.9	-5.82	15417	407	0.0	20.72	0.4	0.4	ShennanEtal2000b,ShennanEtal2018
AA-22343	56.89	-5.83	15969	437	0.0	34.1	0.4	0.4	ShennanEtal2000b,ShennanEtal2018
AA-22344	56.9	-5.81	16037	416	0.0	32.22	0.4	0.4	ShennanEtal2000b,ShennanEtal2018
Beta-91306	56.9	-5.89	6519	223	0.0	6.32	0.41	0.41	ShennanEtal2000b,ShennanEtal2018
SRR-5488	56.9	-5.89	9875	313	0.0	3.62	0.51	0.51	ShennanEtal2000b,ShennanEtal2018
SRR-5487	56.9	-5.89	3619	295	0.0	3.62	0.41	0.41	ShennanEtal2000b,ShennanEtal2018
SRR-5169	56.9	-5.88	13783	259	0.0	15.12	0.41	0.41	ShennanEtal1996,ShennanEtal2018
SRR-5168	56.9	-5.88	13789	285	0.0	15.12	0.41	0.41	ShennanEtal1996,ShennanEtal2018
SRR-4896	56.93	-5.83	7498	178	0.0	6.43	0.21	0.21	ShennanEtal1995,ShennanEtal2018
AA-22346	56.89	-5.86	14889	575	0.0	21.62	0.4	0.4	ShennanEtal2000b,ShennanEtal2018
