GdA-1685	54.72	18.41	8191	138	1.0	-1.235	0.011180339887498949	0.011180339887498949	UscinowiczEtal2013,RosentauEtal2021
GdA-1689	54.73	18.4	10626	106	1.0	-1.175	0.011180339887498949	0.011180339887498949	UscinowiczEtal2013,RosentauEtal2021
GdA-1687	54.72	18.41	8841	168	1.0	-0.975	0.011180339887498949	0.011180339887498949	UscinowiczEtal2013,RosentauEtal2021
GdA-1688	54.72	18.41	8777	189	1.0	-0.71	0.014142128552664907	0.014142128552664907	UscinowiczEtal2013,RosentauEtal2021
GdA-1690	54.73	18.4	8306	92	1.0	-1.415	0.011180353303939013	0.011180353303939013	UscinowiczEtal2013,RosentauEtal2021
GdA-1691	54.72	18.4	2800	51	1.0	-0.765	0.011180339887498949	0.011180339887498949	UscinowiczEtal2013,RosentauEtal2021
GdA-1692	54.72	18.4	3471	82	1.0	-0.905	0.011180339887498949	0.011180339887498949	UscinowiczEtal2013,RosentauEtal2021
GdA-1686	54.72	18.41	729	169	-1.0	-1.24	0.01	0.01	UscinowiczEtal2013,RosentauEtal2021
GdA-1679	54.72	18.41	151	105	1.0	-0.055	0.011180339887498949	0.011180339887498949	UscinowiczEtal2013,RosentauEtal2021
GdA-1676	54.72	18.41	9310	150	1.0	-1.065	0.011180339887498949	0.011180339887498949	UscinowiczEtal2013,RosentauEtal2021
GdA-1639	54.72	18.4	810	97	1.0	-0.635	0.011180339887498949	0.011180339887498949	UscinowiczEtal2013,RosentauEtal2021
Poz-33100	54.72	18.41	994	65	1.0	-0.555	0.011180339887498949	0.011180339887498949	UscinowiczEtal2013,RosentauEtal2021
Poz-22485	54.46	18.72	8823	171	1.0	-16.5	1.118033988749895	1.118033988749895	UscinowiczEtal2011,RosentauEtal2021
Poz-22484	54.46	18.72	8797	184	1.0	-16.5	1.118033988749895	1.118033988749895	UscinowiczEtal2011,RosentauEtal2021
GdA-1677	54.72	18.41	1451	76	1.0	-0.805	0.011180339887498949	0.011180339887498949	UscinowiczEtal2013,RosentauEtal2021
Poz-22483	54.46	18.72	8811	178	1.0	-16.5	1.118033988749895	1.118033988749895	UscinowiczEtal2011,RosentauEtal2021
Poz-15105	54.46	18.72	8834	172	1.0	-16.5	1.118033988749895	1.118033988749895	UscinowiczEtal2011,RosentauEtal2021
