HV1632	53.7097	7.6571	3117	216	0.0	-2.54	0.21	0.21	BungenstockEtal2021,Barckhausen1969
HV1633	53.7097	7.6571	3299	152	0.0	-3.15	0.21	0.21	BungenstockEtal2021,Barckhausen1969
HV1634	53.7097	7.6571	3598	218	0.0	-3.35	0.21	0.21	BungenstockEtal2021,Barckhausen1969
HV3389	53.7049	7.6576	4222	193	0.0	-4.59	0.22	0.21	BungenstockEtal2021,NIBIS2014
HV3390	53.7049	7.6576	4644	182	0.0	-4.79	0.22	0.21	BungenstockEtal2021,NIBIS2014
HV3391	53.7049	7.6576	6150	187	0.0	-6.9	0.24	0.21	BungenstockEtal2021,NIBIS2014
HV2652	53.6804	7.57	3295	266	0.0	-2.97	0.13	0.13	BungenstockEtal2021,NIBIS2014
HV4272	53.681	7.548	7278	187	0.0	-11.62	0.3	0.22	BungenstockEtal2021,NIBIS2014
HV4269	53.6799	7.5482	6639	148	0.0	-9.14	0.26	0.21	BungenstockEtal2021,NIBIS2014
HV4182	53.6751	7.5644	1803	240	-1.0	-2.39	0.67	0.66	BungenstockEtal2021,NIBIS2014
HV4184	53.6751	7.5644	4258	150	0.0	-4.74	0.22	0.21	BungenstockEtal2021,NIBIS2014
HV1892	53.6861	7.5778	3957	196	1.0	-2.44	0.12	0.12	BungenstockEtal2021,NIBIS2014
HV1893	53.6866	7.5752	3419	152	0.0	-2.37	0.33	0.33	BungenstockEtal2021,NIBIS2014
HV1894	53.697	7.6055	2893	158	0.0	-2.42	0.31	0.31	BungenstockEtal2021,NIBIS2014
HV1635	53.7007	7.6021	2705	326	-1.0	-3.18	0.68	0.68	BungenstockEtal2021,NIBIS2014
LV02	53.6858	7.6319	1170	1010	0.0	-0.33	1.33	1.33	BungenstockEtal2021,MauzBungenstock2007,Bungenstock2005
LV03	53.6858	7.6319	1410	1090	0.0	-0.63	1.32	1.32	BungenstockEtal2021,MauzBungenstock2007,Bungenstock2005
LV04	53.6858	7.6319	2120	1660	0.0	-0.75	1.32	1.32	BungenstockEtal2021,MauzBungenstock2007,Bungenstock2005
KIA21893	53.6858	7.6319	3231	106	1.0	-2.04	0.21	0.21	BungenstockEtal2021,MauzBungenstock2007
KIA21894	53.6858	7.6319	3274	84	1.0	-2.31	0.22	0.21	BungenstockEtal2021,MauzBungenstock2007
KIA21895	53.6858	7.6319	3519	56	1.0	-2.52	0.22	0.21	BungenstockEtal2021,MauzBungenstock2007
LV06	53.6763	7.6226	850	770	0.0	-0.67	1.32	1.32	BungenstockEtal2021,MauzBungenstock2007
LV08	53.6822	7.6314	630	510	0.0	0.34	1.32	1.32	BungenstockEtal2021,MauzBungenstock2007
LV09	53.6822	7.6314	750	610	0.0	-0.66	1.37	1.32	BungenstockEtal2021,MauzBungenstock2007
LV10	53.6822	7.6314	1070	830	0.0	-1.51	1.33	1.32	BungenstockEtal2021,MauzBungenstock2007
Poz-25927	53.7453	7.525	1339	146	0.0	-1.53	1.32	1.32	BungenstockEtal2021
Poz-25926	53.7453	7.525	797	131	0.0	-0.49	1.32	1.32	BungenstockEtal2021
Poz-25924	53.7536	7.5894	940	152	0.0	-1.26	1.32	1.32	BungenstockEtal2021
Poz-25925	53.7536	7.5894	953	156	0.0	-1.34	1.32	1.32	BungenstockEtal2021
HV-22944	53.7361	7.4983	263	171	0.0	0.25	1.32	1.32	BungenstockEtal2021
HV-22947	53.7361	7.4983	292	192	0.0	0.05	1.32	1.32	BungenstockEtal2021
HV_22948	53.7361	7.4983	329	168	0.0	0.25	1.32	1.32	BungenstockEtal2021
HV_22945	53.7361	7.4983	364	184	0.0	0.25	1.32	1.32	BungenstockEtal2021
HV_24577	53.7361	7.4983	538	128	0.0	-0.27	1.32	1.32	BungenstockEtal2021
HV_24576	53.7361	7.4983	710	152	0.0	-0.27	1.32	1.32	BungenstockEtal2021
HV_22946	53.7361	7.4983	926	209	0.0	-0.5	1.32	1.32	BungenstockEtal2021
