AAR-1177	56.25	10.42	8431	231	-1.0	-6.2	1.118033988749895	1.118033988749895	FischerEtal2005,RosentauEtal2021
AAR-8413	56.25	10.42	8499	90	1.0	-6.7	1.118033988749895	1.118033988749895	FischerEtal2005,RosentauEtal2021
AAR-8414	56.25	10.42	8326	90	1.0	-6.4	1.118033988749895	1.118033988749895	FischerEtal2005,RosentauEtal2021
AAR-8415	56.25	10.42	8321	95	1.0	-6.4	1.118033988749895	1.118033988749895	FischerEtal2005,RosentauEtal2021
AAR-1178	56.25	10.42	8212	304	-1.0	-6.1	1.118033988749895	1.118033988749895	FischerEtal2005,RosentauEtal2021
K-3681	56.31	10.55	3654	252	-1.0	0.8	1.118033988749895	1.118033988749895	PetersenRasmussen1995,RosentauEtal2021
K-3984	56.31	10.55	3646	254	-1.0	1.0	1.118033988749895	1.118033988749895	PetersenRasmussen1995,RosentauEtal2021
K-3986	56.31	10.55	4603	258	-1.0	-4.0	1.118033988749895	1.118033988749895	PetersenRasmussen1995,RosentauEtal2021
K-3987	56.31	10.55	5012	271	-1.0	-5.5	1.118033988749895	1.118033988749895	PetersenRasmussen1995,RosentauEtal2021
K-3988	56.31	10.55	7537	247	-1.0	-8.5	1.118033988749895	1.118033988749895	PetersenRasmussen1995,RosentauEtal2021
K-3989	56.31	10.55	7664	243	-1.0	-8.7	1.118033988749895	1.118033988749895	PetersenRasmussen1995,RosentauEtal2021
K-3990	56.31	10.55	7676	243	-1.0	-8.7	1.118033988749895	1.118033988749895	PetersenRasmussen1995,RosentauEtal2021
K-3996	55.89	10.63	6912	251	-1.0	-0.8	1.118033988749895	1.118033988749895	Rasmussen1995,RosentauEtal2021
K-3997	55.89	10.63	7971	230	1.0	-1.1	1.118033988749895	1.118033988749895	Rasmussen1995,RosentauEtal2021
K-4000	55.89	10.63	5664	245	-1.0	0.0	1.118033988749895	1.118033988749895	Rasmussen1995,RosentauEtal2021
K-4001	55.89	10.63	5773	202	-1.0	0.0	1.118033988749895	1.118033988749895	Rasmussen1995,RosentauEtal2021
K-4002	55.89	10.63	6252	267	-1.0	-0.8	1.118033988749895	1.118033988749895	Rasmussen1995,RosentauEtal2021
K-4233	56.31	10.55	3776	228	-1.0	1.7	1.118033988749895	1.118033988749895	Petersen1993,RosentauEtal2021
K-4234	56.31	10.55	3676	218	-1.0	1.3	1.118033988749895	1.118033988749895	Petersen1993,RosentauEtal2021
K-4235	56.31	10.55	7037	259	-1.0	-4.4	1.118033988749895	1.118033988749895	Petersen1993,RosentauEtal2021
K-4236	56.31	10.55	7284	239	-1.0	-4.5	1.118033988749895	1.118033988749895	Petersen1993,RosentauEtal2021
K-4237	56.31	10.55	8280	253	-1.0	-5.5	1.118033988749895	1.118033988749895	Petersen1993,RosentauEtal2021
K-4594	56.31	10.05	3872	273	-1.0	3.5	1.118033988749895	1.118033988749895	PetersenRasmussen1995,RosentauEtal2021
K-5761	56.16	10.71	4165	280	-1.0	2.0	1.118033988749895	1.118033988749895	PetersenRasmussen1995,RosentauEtal2021
K-6107	56.0	10.23	7007	316	1.0	-2.0	1.118033988749895	1.118033988749895	RahbekRasmussen1994,RosentauEtal2021
Poz-10512	56.1	10.45	1220	134	-1.0	-28.2	1.118033988749895	1.118033988749895	JensenBennike2009,RosentauEtal2021
Poz-10514	56.1	10.45	2460	183	-1.0	-29.7	1.118033988749895	1.118033988749895	JensenBennike2009,RosentauEtal2021
Poz-10516	56.12	10.35	8156	167	-1.0	-16.4	1.118033988749895	1.118033988749895	JensenBennike2009,RosentauEtal2021
Poz-10517	56.12	10.35	8580	192	-1.0	-17.4	1.118033988749895	1.118033988749895	JensenBennike2009,RosentauEtal2021
Poz-10518	56.12	10.35	2953	169	-1.0	-16.0	1.118033988749895	1.118033988749895	JensenBennike2009,RosentauEtal2021
KIA46678	55.93	10.63	5222	191	-1.0	-0.56	1.118033988749895	1.118033988749895	SanderEtal2015,RosentauEtal2021
KIA46679	55.93	10.63	6661	175	-1.0	-1.54	1.118033988749895	1.118033988749895	SanderEtal2015,RosentauEtal2021
KIA46676	55.93	10.63	6223	162	-1.0	-0.44	1.118033988749895	1.118033988749895	SanderEtal2015,RosentauEtal2021
KIA46677	55.93	10.63	6633	193	-1.0	-0.85	1.118033988749895	1.118033988749895	SanderEtal2015,RosentauEtal2021
Poz-52084	55.89	10.6	6120	156	-1.0	-0.43	1.118033988749895	1.118033988749895	SanderEtal2015,RosentauEtal2021
Poz-52085	55.89	10.6	7555	130	-1.0	-2.76	1.118033988749895	1.118033988749895	SanderEtal2015,RosentauEtal2021
Poz-59461	55.89	10.6	5901	185	-1.0	-2.56	1.118033988749895	1.118033988749895	SanderEtal2015,RosentauEtal2021
Poz-60534	55.77	10.56	4486	185	-1.0	-1.17	1.118033988749895	1.118033988749895	SanderEtal2015,RosentauEtal2021
Poz-60532	55.77	10.56	7505	144	-1.0	-4.1	1.118033988749895	1.118033988749895	SanderEtal2015,RosentauEtal2021
Poz-60533	55.77	10.56	4975	194	-1.0	-0.09	1.118033988749895	1.118033988749895	SanderEtal2015,RosentauEtal2021
Poz-60531	55.77	10.56	4652	168	-1.0	-1.21	1.118033988749895	1.118033988749895	SanderEtal2015,RosentauEtal2021
Poz-60530	55.77	10.56	5698	165	-1.0	-0.74	1.118033988749895	1.118033988749895	SanderEtal2015,RosentauEtal2021
Poz-60528	55.77	10.56	6045	157	-1.0	-2.09	1.118033988749895	1.118033988749895	SanderEtal2015,RosentauEtal2021
Poz-59240	55.89	10.6	7632	161	-1.0	-3.82	1.118033988749895	1.118033988749895	SanderEtal2015,RosentauEtal2021
Poz-59241	55.89	10.6	7456	150	-1.0	-5.2	1.118033988749895	1.118033988749895	SanderEtal2015,RosentauEtal2021
Poz-59242	55.93	10.63	7599	156	-1.0	-2.74	1.118033988749895	1.118033988749895	SanderEtal2015,RosentauEtal2021
Poz-59376	55.89	10.6	8276	83	1.0	-5.35	1.118033988749895	1.118033988749895	SanderEtal2015,RosentauEtal2021
Poz-59377	55.89	10.6	6627	110	-1.0	0.15	1.118033988749895	1.118033988749895	SanderEtal2015,RosentauEtal2021
Poz-59378	55.89	10.6	7505	68	1.0	-0.76	1.118033988749895	1.118033988749895	SanderEtal2015,RosentauEtal2021
Poz-59462	55.89	10.6	7762	84	0.0	-3.37	1.2247448713915892	1.2247448713915892	SanderEtal2015,RosentauEtal2021
Poz-59463	55.89	10.6	7505	68	1.0	-0.97	1.118033988749895	1.118033988749895	SanderEtal2015,RosentauEtal2021
Poz-60181	55.77	10.56	7021	176	-1.0	-2.59	1.118033988749895	1.118033988749895	SanderEtal2015,RosentauEtal2021
Poz-7845	56.1	10.45	6845	171	-1.0	-24.4	1.118033988749895	1.118033988749895	JensenBennike2009,RosentauEtal2021
Poz-7846	56.1	10.45	7859	147	-1.0	-25.5	1.118033988749895	1.118033988749895	JensenBennike2009,RosentauEtal2021
Poz-7847	56.12	10.43	5947	179	-1.0	-24.2	1.118033988749895	1.118033988749895	JensenBennike2009,RosentauEtal2021
Poz-7848	56.12	10.43	8638	203	-1.0	-25.8	1.118033988749895	1.118033988749895	JensenBennike2009,RosentauEtal2021
Samso_Belt-10	55.93	10.59	0	0	0.0	2.1	0.3429285639896449	0.3429285639896449	HedeEtal2015,RosentauEtal2021
Samso_Belt-09	55.93	10.59	0	0	0.0	2.7	0.3429285639896449	0.3429285639896449	HedeEtal2015,RosentauEtal2021
Samso_Belt-08	55.93	10.59	0	0	0.0	1.8	0.3429285639896449	0.3429285639896449	HedeEtal2015,RosentauEtal2021
Samso_Belt-05	55.93	10.59	0	0	0.0	0.9	0.3429285639896449	0.3429285639896449	HedeEtal2015,RosentauEtal2021
Samso_Belt-07	55.93	10.59	0	0	0.0	0.9	0.3429285639896449	0.3429285639896449	HedeEtal2015,RosentauEtal2021
Samso_Belt-06	55.93	10.59	0	0	0.0	0.5	0.3429285639896449	0.3429285639896449	HedeEtal2015,RosentauEtal2021
Samso_Belt-04	55.93	10.59	0	0	0.0	0.7	0.3429285639896449	0.3429285639896449	HedeEtal2015,RosentauEtal2021
Samso_Belt-03	55.93	10.59	0	0	0.0	0.4	0.3429285639896449	0.3429285639896449	HedeEtal2015,RosentauEtal2021
Samso_Belt-02	55.93	10.59	0	0	0.0	0.1	0.3429285639896449	0.3429285639896449	HedeEtal2015,RosentauEtal2021
Samso_Belt-01	55.93	10.59	0	0	0.0	0.0	0.3429285639896449	0.3429285639896449	HedeEtal2015,RosentauEtal2021
Samso_Belt-11	55.93	10.6	0	0	0.0	-0.3	0.3429285639896449	0.3429285639896449	HedeEtal2015,RosentauEtal2021
