Lu-828	72.517	-23.967	5842	258	-1.0	8.0	1.6	1.6	Hakansson1974
Lu-827	72.517	-23.967	7546	233	-1.0	15.0	3.0	3.0	Hakansson1974
Lu-826	72.517	-23.967	9503	331	-1.0	45.0	9.0	9.0	Hakansson1974
Lu-793	72.883	-23.417	9380	310	-1.0	20.0	4.0	4.0	Hakansson1974
Lu-586	72.8	-22.917	6811	281	-1.0	3.0	2.0	2.0	Hakansson1973,Hjort1973,HjortFunder1974
Lu-829	72.7	-22.967	8681	297	-1.0	12.0	2.4000000000000004	2.4000000000000004	Hakansson1974,HjortFunder1974
Lu-830	72.817	-23.283	8693	297	-1.0	30.0	6.0	6.0	Hakansson1974,HjortFunder1974
Lu-768	72.817	-23.283	9678	332	-1.0	22.0	4.4	4.4	Hakansson1974
Lu-766	72.633	-22.683	8883	330	-1.0	10.0	2.0	2.0	Hakansson1974
Lu-712	72.5	-23.083	10895	344	-1.0	90.0	10.0	10.0	Hakansson1974,Hjort1979
Lu-710	72.933	-22.667	10698	382	-1.0	40.0	8.0	8.0	Hakansson1974
Lu-646	72.883	-23.417	10312	380	-1.0	57.0	10.0	10.0	Hakansson1973,Hjort1979
Lu-645	72.733	-23.0	10530	365	-1.0	55.0	10.0	10.0	Hakansson1973
Lu-585	72.8	-22.917	6500	251	-1.0	3.0	2.0	2.0	Hakansson1973,Hjort1973
Lu-714	72.7	-22.967	9738	335	-1.0	25.0	5.0	5.0	Hakansson1974
Lu-584	72.8	-22.917	5852	194	0.0	1.3	1.0	1.0	Hakansson1973,Hjort1973
Lu-533	72.9	-21.967	10431	353	-1.0	53.0	10.0	10.0	Hakansson1973,Hjort1979
Lu-529	72.517	-23.967	9993	353	-1.0	68.0	10.0	10.0	Hakansson1972,Hjort1979
Lu-489	72.517	-23.967	9188	289	-1.0	33.0	6.6000000000000005	6.6000000000000005	Hakansson1972
