Hel-1125	60.35	25.79	6563	250	0.0	22.94	0.5099019513592785	0.5099019513592785	JungnerSonninen1983,RosentauEtal2021
Hel-392	60.36	25.76	8116	458	0.0	28.74	0.223606797749979	0.223606797749979	Eronen1974,RosentauEtal2021
Hel-4188	60.51	26.34	5887	280	0.0	22.2	0.223606797749979	0.223606797749979	MiettinenEtal1999,RosentauEtal2021
Hel-4238	60.49	26.18	4886	348	0.0	20.5	0.223606797749979	0.223606797749979	MiettinenEtal1999,RosentauEtal2021
Hel-4194	60.51	26.44	5917	266	0.0	27.0	0.223606797749979	0.223606797749979	MiettinenEtal1999,RosentauEtal2021
Hel-4226	60.45	25.88	4561	272	0.0	18.54	0.5099019513592785	0.5099019513592785	MiettinenEtal1999,RosentauEtal2021
Hel-4254	60.49	26.42	7389	177	0.0	26.72	0.223606797749979	0.223606797749979	MiettinenEtal1999,RosentauEtal2021
Su-1927	60.35	25.87	7017	143	0.0	25.24	0.223606797749979	0.223606797749979	HailaEtal1991,RosentauEtal2021
Su-1026	60.44	25.63	6135	196	0.0	27.74	0.223606797749979	0.223606797749979	DonnerEronen1981,RosentauEtal2021
Hel-4193	60.51	26.34	6201	270	0.0	25.63	0.223606797749979	0.223606797749979	MiettinenEtal1999,RosentauEtal2021
