Tua-718A	58.101476	6.695578	5886	274	0.0	6.01	1.21	1.2076403389035402	ProschDanielsen1997,CreelEtal2022
T-11029	58.083333333333336	6.783333333333333	7904	277	1.0	4.78	1.2	1.2007295231047765	Hoeg1995,ProschDanielsen1997,CreelEtal2022
Tua-931A	58.102438	6.698244	10007	375	1.0	7.91	1.2	1.2038731890923942	ProschDanielsen1996,CreelEtal2022
Tra-3083	58.0163	7.01	1671	70	0.0	0.71	0.69	0.6893048415885689	RomundsetEtal2015,CreelEtal2022
Tra-3082	58.0163	7.01	1671	70	0.0	0.71	0.69	0.6893048415885689	RomundsetEtal2015,CreelEtal2022
Tua-934A	58.101108	6.68592	7837	227	-1.0	6.5	1.2	1.2039419186802374	ProschDanielsen1997,CreelEtal2022
Tra-3075	58.0922	7.04	8613	145	0.0	1.01	1.1	1.0991727493587882	RomundsetEtal2015,CreelEtal2022
Tra-3074	58.0922	7.04	1445	77	0.0	1.01	0.68	0.6768904881389289	RomundsetEtal2015,CreelEtal2022
Poz-52936	58.0775	6.82	8198	144	0.0	3.41	0.68	0.6810593260363006	RomundsetEtal2015,CreelEtal2022
Poz-52955	58.0775	6.82	3917	164	0.0	3.41	0.68	0.6810593260363006	RomundsetEtal2015,CreelEtal2022
Ua-44703	58.096	6.84	7549	98	0.0	4.61	0.68	0.6777969039882792	RomundsetEtal2015,CreelEtal2022
T-156	58.13333333333333	6.666666666666667	6836	400	-1.0	1.0	1.2	1.2011521142702601	Nydal1960,CreelEtal2022
T-208	57.983333333333334	7.066666666666666	8900	480	0.0	0.51	1.22	1.21704899564283	Nydal1962,CreelEtal2022
Ua-3827	58.089874	6.783906	3992	358	0.0	4.89	1.21	1.2088196725484093	Hoeg1995,ProschDanielsen1997,CreelEtal2022
Ua-3828	58.089874	6.783906	7703	236	0.0	4.89	1.21	1.2088196725484093	Hoeg1995,ProschDanielsen1997,CreelEtal2022
Ua-3882	58.06666666666667	6.816666666666666	1048	251	1.0	3.67	0.67	0.6669403379355229	Hoeg1995,CreelEtal2022
Ua-44692	58.119273	6.969215	11145	243	1.0	8.9	0.66	0.6644639925189789	RomundsetEtal2015,CreelEtal2022
Ua-44693	58.0848	6.96	3397	134	0.0	2.11	0.68	0.6785189667857991	RomundsetEtal2015,CreelEtal2022
Ua-44699	58.096	6.84	5994	172	0.0	4.61	0.68	0.6777969039882792	RomundsetEtal2015,CreelEtal2022
Tua-1037A	58.091429	6.733167	4282	381	1.0	3.91	1.2	1.2047768815020197	ProschDanielsen1996,CreelEtal2022
Tua-719A	58.075924	6.69897	6006	273	0.0	4.61	1.21	1.2099360689751661	ProschDanielsen1997,CreelEtal2022
T-107	58.2	7.1	8270	470	-1.0	0.0	1.19	1.1926624650449988	Nydal1960,CreelEtal2022
Tua-1038A	58.102438	6.698244	1447	249	1.0	5.91	1.2	1.2038731890923942	ProschDanielsen1996,CreelEtal2022
Tua-717	58.115454	6.582016	8149	222	0.0	1.14	1.21	1.2062689510284375	ProschDanielsen1997,CreelEtal2022
Tua-665A	58.101108	6.68592	6517	243	0.0	6.51	1.21	1.2076200409733533	ProschDanielsen1997,CreelEtal2022
T-10494A	58.083333333333336	6.8	10146	423	1.0	4.43	0.66	0.6644743512988577	Hoeg1995,CreelEtal2022
T-10495A	58.075425	6.809474	4143	406	0.0	3.78	1.21	1.2098816044929055	ProschDanielsen1997,CreelEtal2022
T-10495A	58.06666666666667	6.816666666666666	4143	406	0.0	3.78	0.67	0.6749435995926044	Hoeg1995,CreelEtal2022
T-10496A	58.06666666666667	6.816666666666666	4404	422	0.0	3.78	0.67	0.6749435995926044	Hoeg1995,CreelEtal2022
T-10497A	58.06666666666667	6.816666666666666	6068	351	-1.0	3.77	0.67	0.6669403379355229	Hoeg1995,CreelEtal2022
Tua-720A	58.101476	6.695578	7994	257	0.0	6.01	1.21	1.2076403389035402	ProschDanielsen1997,CreelEtal2022
T-10499A	58.06666666666667	6.816666666666666	8205	273	0.0	3.78	0.67	0.6749435995926044	Hoeg1995,CreelEtal2022
T-10499A	58.075425	6.809474	8205	273	0.0	3.78	1.21	1.2098816044929055	ProschDanielsen1997,CreelEtal2022
T-10500A	58.075425	6.809474	8015	279	-1.0	3.77	1.21	1.2054645079616448	ProschDanielsen1997,CreelEtal2022
T-10501A	58.075425	6.809474	8224	250	0.0	3.78	1.21	1.2098816044929055	ProschDanielsen1997,CreelEtal2022
T-10501A	58.06666666666667	6.816666666666666	8224	250	0.0	3.78	0.67	0.6749435995926044	Hoeg1995,CreelEtal2022
