AA-23895	53.27	0.32	4642	304	0.0	-4.88	0.21	0.21	ShennanEtal2000a,ShennanEtal2018
AA-23937	53.36	0.23	7690	212	0.0	-12.24	0.35	0.35	HortonEtal2000,ShennanEtal2018
AA-22660	53.31	0.27	5289	299	0.0	-6.45	0.4	0.4	ShennanEtal2000a,ShennanEtal2018
AA-23938	53.36	0.23	7490	261	0.0	-12.24	0.35	0.35	HortonEtal2000,ShennanEtal2018
AA-22661	53.31	0.27	6055	269	0.0	-7.54	0.21	0.21	ShennanEtal2000a,ShennanEtal2018
AA-23828	53.27	0.32	5623	273	0.0	-6.09	0.21	0.21	ShennanEtal2000a,ShennanEtal2018
AA-23941	53.36	0.23	7690	249	0.0	-13.2	0.35	0.35	HortonEtal2000,ShennanEtal2018
AA-23826	53.27	0.32	2071	277	0.0	-2.8	0.4	0.4	ShennanEtal2000a,ShennanEtal2018
AA-23818	53.15	0.32	7608	221	1.0	-8.2	1.43	1.43	BrewEtal2015,ShennanEtal2018
AA-23942	53.36	0.23	7882	221	0.0	-13.59	0.35	0.35	HortonEtal2000,ShennanEtal2018
AA-23817	53.15	0.32	6981	281	0.0	-9.34	0.21	0.21	ShennanEtal2000a,ShennanEtal2018
AA-23814	53.16	0.28	5127	299	0.0	-4.89	0.21	0.21	ShennanEtal2000a,ShennanEtal2018
AA-23813	53.16	0.28	5162	296	0.0	-4.65	0.21	0.21	ShennanEtal2000a,ShennanEtal2018
AA-23811	53.33	0.27	5832	266	0.0	-6.58	0.21	0.21	ShennanEtal2000a,ShennanEtal2018
AA-23521	53.16	0.28	4580	282	0.0	-4.15	0.21	0.21	ShennanEtal2000a,ShennanEtal2018
AA-23520	53.16	0.28	2639	266	0.0	-3.25	0.21	0.21	ShennanEtal2000a,ShennanEtal2018
AA-23519	53.33	0.27	4889	367	1.0	-4.95	1.87	1.87	ShennanEtal2000a,ShennanEtal2018
AA-23516	53.47	0.05	6313	282	0.0	-8.36	0.4	0.4	ShennanEtal2000a,ShennanEtal2018
AA-23517	53.47	0.05	7376	202	0.0	-10.26	0.21	0.21	ShennanEtal2000a,ShennanEtal2018
AA-23518	53.47	0.05	7379	202	0.0	-10.49	0.21	0.21	ShennanEtal2000a,ShennanEtal2018
AA-23943	53.36	0.23	7973	238	0.0	-13.59	0.35	0.35	HortonEtal2000,ShennanEtal2018
AA-23827	53.27	0.32	5970	291	0.0	-5.79	0.21	0.21	ShennanEtal2000a,ShennanEtal2018
AA-22665	53.36	0.23	6160	226	0.0	-7.64	0.21	0.21	HortonEtal2000,ShennanEtal2018
AA-23940	53.36	0.23	7996	270	0.0	-13.2	0.35	0.35	HortonEtal2000,ShennanEtal2018
AA-22667	53.36	0.23	8068	251	0.0	-14.1	0.21	0.21	HortonEtal2000,ShennanEtal2018
Q-686	53.23	0.34	3608	369	0.0	-3.4	0.21	0.21	Waller1994,ShennanEtal2018
Q-685	53.23	0.34	4398	408	0.0	-4.77	0.21	0.21	Waller1994,ShennanEtal2018
AA-23939	53.36	0.23	8233	214	0.0	-13.01	0.35	0.35	HortonEtal2000,ShennanEtal2018
SUERC-107856	53.521	0.093	8119	76	0.0	-15.285	0.301	0.295	GrantEtal2024
AA-22664	53.36	0.23	5161	287	0.0	-6.96	0.21	0.21	HortonEtal2000,ShennanEtal2018
SUERC-101122	53.521	0.093	7943	68	0.0	-14.295	0.299	0.293	GrantEtal2024
AA-22666	53.36	0.23	8178	206	0.0	-13.82	0.21	0.21	HortonEtal2000,ShennanEtal2018
Q-844	53.23	0.34	2961	372	0.0	-2.83	0.21	0.21	Waller1994,ShennanEtal2018
