Q-2379	51.82	-8.3	9102	360	0.0	-17.19	0.22	0.22	CarterEtal1989,ShennanEtal2018
Q-2872	52.06	-7.61	2716	328	0.0	-1.56	0.46	0.46	Sinnott1999,ShennanEtal2018
Q-2381	51.88	-8.39	1717	266	0.0	-2.09	0.3	0.3	CarterEtal1989,ShennanEtal2018
Q-2382	51.88	-8.39	2409	311	0.0	-2.52	0.22	0.22	CarterEtal1989,ShennanEtal2018
Q-2384	51.83	-8.02	6987	287	0.0	-4.35	0.83	0.83	CarterEtal1989,ShennanEtal2018
Q-2873	52.06	-7.61	3819	323	0.0	-2.69	0.83	0.83	Sinnott1999,ShennanEtal2018
Q-2383	51.83	-8.02	2107	248	0.0	-0.59	0.46	0.46	CarterEtal1989,ShennanEtal2018
Q-2876	52.07	-7.65	4816	383	0.0	-3.9	0.3	0.3	Sinnott1999,ShennanEtal2018
Q-2874	52.07	-7.65	745	184	0.0	-0.2	0.3	0.3	Sinnott1999,ShennanEtal2018
I-8103	51.86	-8.0	4588	379	1.0	-1.2	1.22	1.22	Mitchell1977,Mitchell1976,ShennanEtal2018
Q-2875	52.07	-7.65	3777	307	0.0	-1.9	0.3	0.3	Sinnott1999,ShennanEtal2018
