ANTW-136	51.07	2.693	6670	275	0.0	-6.58	0.58	0.58	VinkEtal2007,DenysBaeteman1995
ANTW-250	51.031	2.764	5902	304	0.0	-5.28	0.32	0.32	VinkEtal2007,DenysBaeteman1995
IRPA-729	51.185	2.889	6592	238	0.0	-4.7	0.12	2.01	VinkEtal2007,DenysBaeteman1995
Lv-855	51.317	3.212	5661	180	0.0	-3.18	0.22	1.92	VinkEtal2007,DenysBaeteman1995
IRPA-734	51.044	2.725	9110	305	0.0	-17.96	0.11	2.01	VinkEtal2007,DenysBaeteman1995
IRPA-520	50.961	2.825	7852	148	0.0	-9.18	0.14	2.02	VinkEtal2007,DenysBaeteman1995
ANTW-251	51.031	2.764	6091	418	0.0	-3.58	0.14	2.02	VinkEtal2007,DenysBaeteman1995
IRPA-927	51.074	2.8	7550	108	0.0	-8.05	0.3	0.3	VinkEtal2007,DenysBaeteman1995
IRPA-681	51.092	2.704	9409	327	0.0	-21.0	0.3	0.3	VinkEtal2007,DenysBaeteman1995
IRPA-283	51.144	2.87	3357	429	0.0	-2.16	0.3	0.3	VinkEtal2007,DenysBaeteman1995
IRPA-616	51.061	2.731	9038	353	0.0	-19.58	0.31	0.31	VinkEtal2007,DenysBaeteman1995
IRPA-519	51.131	2.854	6472	153	0.0	-5.42	0.3	0.3	VinkEtal2007,DenysBaeteman1995
IRPA-534	51.056	2.792	7944	208	0.0	-9.5	0.29	0.29	VinkEtal2007,DenysBaeteman1995
Utc-2625	51.067	2.656	8299	255	0.0	-13.97	0.3	0.3	VinkEtal2007,DenysBaeteman1995
IRPA-615	51.165	2.78	7650	154	0.0	-7.52	0.11	2.01	VinkEtal2007,DenysBaeteman1995
Utc-2636	50.975	2.785	5377	271	0.0	-2.19	0.3	2.03	VinkEtal2007,DenysBaeteman1995
IRPA-541	51.02	2.803	7556	120	0.0	-9.26	0.3	0.3	VinkEtal2007,DenysBaeteman1995
IRPA-542	51.02	2.803	7754	156	0.0	-7.43	0.1	2.01	VinkEtal2007,DenysBaeteman1995
Hv-8797	51.078	2.757	8055	520	0.0	-11.38	0.32	0.32	VinkEtal2007,DenysBaeteman1995
IRPA-338	51.144	2.87	3453	414	0.0	-2.16	0.3	0.3	VinkEtal2007,DenysBaeteman1995
IRPA-337	51.144	2.87	3619	482	0.0	-2.16	0.3	0.3	VinkEtal2007,DenysBaeteman1995
Hv-8800	51.144	2.87	3150	173	0.0	-2.16	0.3	0.3	VinkEtal2007,DenysBaeteman1995
