ANU-10746	-12.37	128.25	18393	440	0.0	-104.94	2.5	2.5	YokoyamaEtal2000
ANUA-9324	-12.28	128.17	18509	456	0.0	-107.9	2.5	2.5	YokoyamaEtal2000
ANUA-9319	-12.64	128.61	12991	420	0.0	-97.6	1.5	1.5	YokoyamaEtal2000
ANUA-9318	-12.17	128.0	21386	607	0.0	-120.6	2.5	2.5	YokoyamaEtal2000
ANUA-9317	-12.2	128.04	20970	529	0.0	-122.9	1.5	1.5	YokoyamaEtal2000
ANUA-9304	-12.16	127.97	27533	501	0.0	-123.30000000000001	5.0	5.0	YokoyamaEtal2000
ANUA-9303	-12.17	128.0	27489	513	0.0	-113.4	10.0	10.0	YokoyamaEtal2000
ANUA-8816	-12.17	128.0	19413	665	0.0	-120.3	2.5	2.5	YokoyamaEtal2000
ANUA-8813	-12.2	128.04	16340	611	0.0	-116.63	2.5	2.5	YokoyamaEtal2000
ANUA-9404	-12.28	128.17	17489	513	0.0	-107.85	2.5	2.5	YokoyamaEtal2000
ANUA-7531	-12.2	128.04	19340	547	0.0	-121.79	1.5	1.5	YokoyamaEtal2000
ANUA-7516	-12.16	127.97	13188	376	0.0	-122.87	5.0	5.0	YokoyamaEtal2000
ANUA-6930	-12.2	128.04	20113	646	0.0	-122.7	1.5	1.5	YokoyamaEtal2000
ANUA-6928	-12.2	128.04	18837	618	0.0	-121.77	1.5	1.5	YokoyamaEtal2000
ANUA-6900	-12.2	128.04	12770	458	0.0	-108.42	10.0	10.0	YokoyamaEtal2000
ANUA-6807	-12.2	128.04	19171	493	0.0	-121.77	1.5	1.5	YokoyamaEtal2000
ANU-10750	-12.37	128.25	17059	546	0.0	-104.76	2.5	2.5	YokoyamaEtal2000
ANU-10747	-12.37	128.25	17294	628	0.0	-104.85	2.5	2.5	YokoyamaEtal2000
ANUA-9506	-12.16	127.97	28225	907	0.0	-123.6	5.0	5.0	YokoyamaEtal2000
