OS-19214	38.887	-76.392	725	281	-1.0	-31.7092	0.6592	0.6592	ColmanEtal2002,EngelhartHorton2012
OS-21488	38.887	-76.392	6660	307	-1.0	-41.5432	0.6732	0.6732	ColmanEtal2002,EngelhartHorton2012
OS-21664	38.031	-76.215	6539	311	-1.0	-29.7219	0.6819	0.6819	ColmanEtal2002,EngelhartHorton2012
OS-21486	38.053	-76.221	10641	396	-1.0	-23.29	0.68	0.68	ColmanEtal2002,EngelhartHorton2012
OS-21487	38.031	-76.215	408	242	-1.0	-24.1578	0.6778	0.6778	ColmanEtal2002,EngelhartHorton2012
OS-21389	38.887	-76.392	7541	265	-1.0	-44.3598	0.6798	0.6798	ColmanEtal2002,EngelhartHorton2012
OS-21384	38.887	-76.392	1636	302	-1.0	-33.791	0.661	0.661	ColmanEtal2002,EngelhartHorton2012
OS-21387	38.887	-76.392	7089	297	-1.0	-44.0991	0.6791	0.6791	ColmanEtal2002,EngelhartHorton2012
OS-21386	38.887	-76.392	6705	314	-1.0	-43.2069	0.6769	0.6769	ColmanEtal2002,EngelhartHorton2012
OS-21385	38.887	-76.392	4329	361	-1.0	-35.3427	0.6627	0.6627	ColmanEtal2002,EngelhartHorton2012
OS-21665	38.031	-76.215	6857	332	-1.0	-30.29	0.68	0.68	ColmanEtal2002,EngelhartHorton2012
OS-21383	38.887	-76.392	1131	273	-1.0	-32.8701	0.6601	0.6601	ColmanEtal2002,EngelhartHorton2012
OS-21382	38.887	-76.392	719	240	-1.0	-31.6892	0.6592	0.6592	ColmanEtal2002,EngelhartHorton2012
OS-21381	38.887	-76.392	321	252	-1.0	-30.8287	0.6587	0.6587	ColmanEtal2002,EngelhartHorton2012
OS-21270	38.879	-76.44	7275	342	-1.0	-16.0081	0.7681	0.7681	ColmanEtal2002,EngelhartHorton2012
OS-21388	38.887	-76.392	7492	260	-1.0	-44.2094	0.6794	0.6794	ColmanEtal2002,EngelhartHorton2012
OS-21666	38.031	-76.215	9901	358	-1.0	-30.9634	0.6834	0.6834	ColmanEtal2002,EngelhartHorton2012
OS-25829	38.031	-76.215	9670	376	-1.0	-33.4872	0.6872	0.6872	ColmanEtal2002,EngelhartHorton2012
OS-21668	38.031	-76.215	10230	457	-1.0	-33.57	0.69	0.69	ColmanEtal2002,EngelhartHorton2012
QC-863	38.4	-76.1	4118	334	0.0	-5.57	0.3523	0.3523	CinquemaniEtal1982,EngelhartHorton2012
QC-862	38.4	-76.1	2797	447	0.0	-4.12	0.3319	0.3319	CinquemaniEtal1982,EngelhartHorton2012
QC-861	38.4	-76.1	2534	304	0.0	-3.64	0.3398	0.3398	CinquemaniEtal1982,EngelhartHorton2012
QC-860	38.4	-76.1	3027	322	0.0	-3.34	0.3395	0.3395	CinquemaniEtal1982,EngelhartHorton2012
QC-859	39.0	-76.1	1132	309	0.0	-1.92	0.3299	0.3299	CinquemaniEtal1982,EngelhartHorton2012
QC-857	39.0	-76.1	3653	372	0.0	-5.17	0.3516	0.3516	CinquemaniEtal1982,EngelhartHorton2012
QC-856	39.0	-76.1	5178	301	0.0	-10.87	0.3644	0.3644	CinquemaniEtal1982,EngelhartHorton2012
OS-25830	38.879	-76.44	7624	266	-1.0	-16.2584	0.7684	0.7684	ColmanEtal2002,EngelhartHorton2012
OS-21266	38.538	-76.43	2893	389	-1.0	-26.8289	0.6689	0.6689	ColmanEtal2002,EngelhartHorton2012
OS-25828	38.031	-76.215	8668	337	-1.0	-31.5542	0.6842	0.6842	ColmanEtal2002,EngelhartHorton2012
OS-25827	38.031	-76.215	6971	302	-1.0	-30.9634	0.6834	0.6834	ColmanEtal2002,EngelhartHorton2012
OS-25826	38.031	-76.215	4808	375	-1.0	-28.8309	0.6809	0.6809	ColmanEtal2002,EngelhartHorton2012
OS-21671	38.031	-76.215	4631	347	-1.0	-27.6898	0.6798	0.6798	ColmanEtal2002,EngelhartHorton2012
OS-21670	38.031	-76.215	4153	353	-1.0	-25.8285	0.6785	0.6785	ColmanEtal2002,EngelhartHorton2012
OS-21669	38.053	-76.221	10152	410	-1.0	-22.72	0.68	0.68	ColmanEtal2002,EngelhartHorton2012
OS-21667	38.031	-76.215	7529	275	-1.0	-31.8847	0.6847	0.6847	ColmanEtal2002,EngelhartHorton2012
OS-21262	38.878	-76.441	2496	356	-1.0	-12.4689	0.6589	0.6589	ColmanEtal2002,EngelhartHorton2012
OS-21233	38.887	-76.392	6359	306	-1.0	-39.1385	0.6685	0.6685	ColmanEtal2002,EngelhartHorton2012
OS-15674	38.544	-76.427	585	288	-1.0	-25.6276	0.6676	0.6676	ColmanEtal2002,EngelhartHorton2012
OS-20055	38.879	-76.44	6451	311	-1.0	-15.33	0.77	0.77	ColmanEtal2002,EngelhartHorton2012
OS-18412	38.878	-76.446	950	274	-1.0	-9.3184	0.6584	0.6584	ColmanEtal2002,EngelhartHorton2012
OS-18413	38.331	-76.378	346	261	-1.0	-9.77	0.67	0.67	ColmanEtal2002,EngelhartHorton2012
OS-18523	38.878	-76.446	1444	286	-1.0	-10.5392	0.6592	0.6592	ColmanEtal2002,EngelhartHorton2012
OS-18524	38.878	-76.446	1292	284	-1.0	-10.1785	0.6585	0.6585	ColmanEtal2002,EngelhartHorton2012
OS-18526	38.878	-76.446	1918	328	-1.0	-11.9212	0.6612	0.6612	ColmanEtal2002,EngelhartHorton2012
OS-18527	38.878	-76.446	1635	309	-1.0	-11.2509	0.6609	0.6609	ColmanEtal2002,EngelhartHorton2012
OS-18528	38.878	-76.446	1049	270	-1.0	-9.5178	0.6578	0.6578	ColmanEtal2002,EngelhartHorton2012
OS-18529	38.878	-76.446	1841	334	-1.0	-11.7011	0.6611	0.6611	ColmanEtal2002,EngelhartHorton2012
OS-18532	38.538	-76.43	218	206	-1.0	-23.8777	0.6677	0.6677	ColmanEtal2002,EngelhartHorton2012
OS-18533	38.538	-76.43	2816	339	-1.0	-26.1385	0.6685	0.6685	ColmanEtal2002,EngelhartHorton2012
OS-18534	38.331	-76.378	773	252	-1.0	-11.3178	0.6678	0.6678	ColmanEtal2002,EngelhartHorton2012
OS-18535	38.331	-76.378	233	213	-1.0	-10.2676	0.6676	0.6676	ColmanEtal2002,EngelhartHorton2012
OS-20054	38.879	-76.44	5564	307	-1.0	-14.7522	0.7722	0.7722	ColmanEtal2002,EngelhartHorton2012
OS-20053	38.879	-76.44	5672	297	-1.0	-14.7522	0.7722	0.7722	ColmanEtal2002,EngelhartHorton2012
OS-18660	38.538	-76.43	373	258	-1.0	-24.1977	0.6677	0.6677	ColmanEtal2002,EngelhartHorton2012
OS-18661	38.331	-76.378	463	258	-1.0	-10.3976	0.6676	0.6676	ColmanEtal2002,EngelhartHorton2012
OS-18662	38.538	-76.43	3217	394	-1.0	-26.8789	0.6689	0.6689	ColmanEtal2002,EngelhartHorton2012
OS-18900	38.878	-76.446	813	252	-1.0	-9.278	0.658	0.658	ColmanEtal2002,EngelhartHorton2012
OS-18901	38.878	-76.446	1612	294	-1.0	-11.331	0.661	0.661	ColmanEtal2002,EngelhartHorton2012
OS-18902	38.878	-76.446	1547	286	-1.0	-10.9408	0.6608	0.6608	ColmanEtal2002,EngelhartHorton2012
OS-19212	38.887	-76.392	131	131	-1.0	-28.5578	0.6578	0.6578	ColmanEtal2002,EngelhartHorton2012
OS-20052	38.879	-76.44	4542	346	-1.0	-14.4019	0.7719	0.7719	ColmanEtal2002,EngelhartHorton2012
OS-19940	38.887	-76.392	221	211	-1.0	-29.8782	0.6582	0.6582	ColmanEtal2002,EngelhartHorton2012
OS-19508	38.544	-76.427	633	430	-1.0	-27.2279	0.6679	0.6679	ColmanEtal2002,EngelhartHorton2012
OS-19216	38.887	-76.392	140	133	-1.0	-29.168	0.658	0.658	ColmanEtal2002,EngelhartHorton2012
OS-19213	38.887	-76.392	132	132	-1.0	-28.0577	0.6577	0.6577	ColmanEtal2002,EngelhartHorton2012
OS-20056	38.878	-76.441	3723	347	-1.0	-13.8999	0.6599	0.6599	ColmanEtal2002,EngelhartHorton2012
OS-18411	38.331	-76.378	325	256	-1.0	-10.0576	0.6676	0.6676	ColmanEtal2002,EngelhartHorton2012
OS-18410	38.331	-76.378	273	238	-1.0	-10.3376	0.6676	0.6676	ColmanEtal2002,EngelhartHorton2012
OS-18409	38.538	-76.43	251	227	-1.0	-23.1076	0.6676	0.6676	ColmanEtal2002,EngelhartHorton2012
OS-15675	38.544	-76.427	792	279	-1.0	-26.3277	0.6677	0.6677	ColmanEtal2002,EngelhartHorton2012
OS-15676	38.544	-76.427	242	226	-1.0	-25.7276	0.6676	0.6676	ColmanEtal2002,EngelhartHorton2012
OS-15677	38.544	-76.427	762	271	-1.0	-27.2279	0.6679	0.6679	ColmanEtal2002,EngelhartHorton2012
OS-15678	38.544	-76.427	700	278	-1.0	-29.0288	0.6688	0.6688	ColmanEtal2002,EngelhartHorton2012
OS-15679	38.028	-76.22	217	206	-1.0	-22.76	0.68	0.68	ColmanEtal2002,EngelhartHorton2012
OS-15680	38.028	-76.22	440	241	-1.0	-23.5576	0.6776	0.6776	ColmanEtal2002,EngelhartHorton2012
OS-15681	38.028	-76.22	715	232	-1.0	-24.0578	0.6778	0.6778	ColmanEtal2002,EngelhartHorton2012
OS-15682	38.544	-76.427	1697	351	-1.0	-27.8282	0.6682	0.6682	ColmanEtal2002,EngelhartHorton2012
OS-15683	38.544	-76.427	772	276	-1.0	-26.9478	0.6678	0.6678	ColmanEtal2002,EngelhartHorton2012
OS-15684	38.544	-76.427	874	294	-1.0	-26.8278	0.6678	0.6678	ColmanEtal2002,EngelhartHorton2012
OS-15686	38.544	-76.427	851	291	-1.0	-28.1283	0.6683	0.6683	ColmanEtal2002,EngelhartHorton2012
OS-15687	38.544	-76.427	1408	327	-1.0	-28.1283	0.6683	0.6683	ColmanEtal2002,EngelhartHorton2012
OS-15689	38.028	-76.22	1056	296	-1.0	-24.9181	0.6781	0.6781	ColmanEtal2002,EngelhartHorton2012
OS-19215	38.887	-76.392	304	257	-1.0	-30.5385	0.6585	0.6585	ColmanEtal2002,EngelhartHorton2012
OS-21232	38.887	-76.392	6331	305	-1.0	-38.7378	0.6678	0.6678	ColmanEtal2002,EngelhartHorton2012
OS-21230	38.887	-76.392	5886	298	-1.0	-36.1838	0.6638	0.6638	ColmanEtal2002,EngelhartHorton2012
OS-15690	38.544	-76.427	2264	378	-1.0	-28.4485	0.6685	0.6685	ColmanEtal2002,EngelhartHorton2012
OS-17241	38.028	-76.22	2047	380	-1.0	-25.8686	0.6786	0.6786	ColmanEtal2002,EngelhartHorton2012
OS-17242	38.028	-76.22	789	247	-1.0	-24.2378	0.6778	0.6778	ColmanEtal2002,EngelhartHorton2012
OS-17508	38.028	-76.22	2139	683	-1.0	-25.2582	0.6782	0.6782	ColmanEtal2002,EngelhartHorton2012
OS-17874	38.544	-76.427	904	439	-1.0	-27.2279	0.6679	0.6679	ColmanEtal2002,EngelhartHorton2012
OS-21229	38.887	-76.392	2171	341	-1.0	-34.9423	0.6623	0.6623	ColmanEtal2002,EngelhartHorton2012
OS-21228	38.887	-76.392	1816	324	-1.0	-34.4717	0.6617	0.6617	ColmanEtal2002,EngelhartHorton2012
OS-21227	38.887	-76.392	800	245	-1.0	-31.9894	0.6594	0.6594	ColmanEtal2002,EngelhartHorton2012
OS-21226	38.887	-76.392	242	226	-1.0	-30.0983	0.6583	0.6583	ColmanEtal2002,EngelhartHorton2012
OS-20057	38.331	-76.378	414	246	-1.0	-11.0177	0.6677	0.6677	ColmanEtal2002,EngelhartHorton2012
OS-17881	38.544	-76.427	1675	301	-1.0	-28.0282	0.6682	0.6682	ColmanEtal2002,EngelhartHorton2012
OS-17884	38.544	-76.427	1676	320	-1.0	-28.0282	0.6682	0.6682	ColmanEtal2002,EngelhartHorton2012
OS-21231	38.887	-76.392	6034	291	-1.0	-37.4457	0.6657	0.6657	ColmanEtal2002,EngelhartHorton2012
OS-21489	38.887	-76.392	9292	307	-1.0	-44.0991	0.6791	0.6791	ColmanEtal2002,EngelhartHorton2012
OS-15685	38.544	-76.427	1681	334	-1.0	-28.3284	0.6684	0.6684	ColmanEtal2002,EngelhartHorton2012
CAMS-43709	38.544	-76.427	729	239	-1.0	-27.538	0.668	0.668	ColmanEtal2002,EngelhartHorton2012
CAMS-39237	38.028	-76.22	223	211	-1.0	-23.3786	0.6986	0.6986	ColmanEtal2002,EngelhartHorton2012
CAMS-43708	38.544	-76.427	257	235	-1.0	-26.1476	0.6676	0.6676	ColmanEtal2002,EngelhartHorton2012
CAMS-43710	38.544	-76.427	1563	301	-1.0	-28.6185	0.6685	0.6685	ColmanEtal2002,EngelhartHorton2012
CAMS-43711	38.028	-76.22	557	245	-1.0	-24.1978	0.6778	0.6778	ColmanEtal2002,EngelhartHorton2012
CAMS-39238	38.028	-76.22	802	260	-1.0	-26.0587	0.6787	0.6787	ColmanEtal2002,EngelhartHorton2012
