KIA-19242	54.05	11.47	7739	89	1.0	-7.1	0.5	0.5	LampeEtal2010,RosentauEtal2021
KIA-24157	54.07	10.87	7506	67	-1.0	-25.46	0.5009990019950139	0.5009990019950139	HardersEtal2005,RosentauEtal2021
KIA-24158	54.07	10.87	9717	165	1.0	-25.66	0.500499750249688	0.500499750249688	HardersEtal2005,RosentauEtal2021
KIA-19323	54.05	11.46	7848	87	1.0	-8.4	0.5	0.5	LampeEtal2010,RosentauEtal2021
KIA-19243	54.05	11.47	7766	76	1.0	-7.7	0.5	0.5	LampeEtal2010,RosentauEtal2021
KIA-19241	54.05	11.47	7842	95	1.0	-7.2	0.5	0.5	LampeEtal2010,RosentauEtal2021
KIA-20438	54.15	11.66	7955	67	1.0	-9.3	0.5	0.5	LampeEtal2010,RosentauEtal2021
KIA-18210	54.05	11.45	7727	92	1.0	-8.3	0.5	0.5	LampeEtal2010,RosentauEtal2021
KIA-18209	54.05	11.47	7814	106	1.0	-7.7	0.5	0.5	LampeEtal2010,RosentauEtal2021
KIA-26007	54.04	11.51	8102	73	0.0	-11.15	0.25	0.25	LampeEtal2010,RosentauEtal2021
Ki-2002.02	54.25	11.27	8953	462	1.0	-26.7	0.7071067811865476	0.7071067811865476	WinnEtal1986,RosentauEtal2021
K-6340	54.36	11.83	10032	434	1.0	-22.6	1.118033988749895	1.118033988749895	JensenEtal1997,RosentauEtal2021
K-6344	54.39	11.54	11179	481	-1.0	-30.1	1.118033988749895	1.118033988749895	JensenEtal2002,RosentauEtal2021
Ki-2002.01	54.25	11.27	7825	281	-1.0	-26.6	0.7071067811865476	0.7071067811865476	WinnEtal1986,RosentauEtal2021
KIA-9339	54.21	11.65	12668	145	-1.0	-27.3	1.118033988749895	1.118033988749895	BennikeLemke2001,RosentauEtal2021
KIA-9338	54.21	11.65	11641	269	-1.0	-26.3	1.118033988749895	1.118033988749895	BennikeLemke2001,RosentauEtal2021
KIA-50960	54.48	11.46	11514	213	1.0	-28.6	0.500199960015992	0.500199960015992	HeinrichEtal2018,RosentauEtal2021
KIA-50959	54.48	11.46	11424	169	1.0	-27.8	0.500199960015992	0.500199960015992	HeinrichEtal2018,RosentauEtal2021
K-6345	54.45	11.4	10804	384	-1.0	-28.1	1.118033988749895	1.118033988749895	BennikeJensen1998,RosentauEtal2021
KIA-19240	54.05	11.47	7841	105	1.0	-7.0	0.5	0.5	LampeEtal2010,RosentauEtal2021
KIA-22876	53.95	11.49	1723	95	0.0	-1.15	0.25	0.25	LampeEtal2010,RosentauEtal2021
KIA-22872	53.95	11.49	825	89	0.0	-0.65	0.25	0.25	LampeEtal2010,RosentauEtal2021
KIA-22874	53.95	11.49	216	197	0.0	-0.15	0.25	0.25	LampeEtal2010,RosentauEtal2021
KIA-19819	53.97	11.39	7633	51	0.0	-7.45	0.25	0.25	LampeEtal2010,RosentauEtal2021
KIA-19817	53.97	11.39	823	78	0.0	-0.15	0.25	0.25	LampeEtal2010,RosentauEtal2021
KIA-20439	54.15	11.66	8049	96	1.0	-9.3	0.5	0.5	LampeEtal2010,RosentauEtal2021
KIA-20440	54.15	11.66	8105	70	1.0	-9.3	0.5	0.5	LampeEtal2010,RosentauEtal2021
KIA-20441	54.15	11.66	7956	66	1.0	-9.3	0.5	0.5	LampeEtal2010,RosentauEtal2021
KIA-20442	54.14	11.65	8073	100	1.0	-9.0	0.5	0.5	LampeEtal2010,RosentauEtal2021
KIA-20443	54.14	11.65	8069	98	1.0	-9.0	0.5	0.5	LampeEtal2010,RosentauEtal2021
KIA-20444	54.16	11.65	8285	93	1.0	-8.2	0.5	0.5	LampeEtal2010,RosentauEtal2021
KIA-22788	54.14	11.63	8796	179	1.0	-13.2	0.5	0.5	LampeEtal2010,RosentauEtal2021
KIA-22789	54.14	11.63	8548	93	1.0	-13.2	0.5	0.5	LampeEtal2010,RosentauEtal2021
KIA-22790	54.14	11.63	8514	83	1.0	-13.3	0.5	0.5	LampeEtal2010,RosentauEtal2021
KIA-22791	54.15	11.66	7946	88	1.0	-5.7	0.5	0.5	LampeEtal2010,RosentauEtal2021
KIA-22793	54.15	11.66	7702	80	1.0	-5.6	0.5	0.5	LampeEtal2010,RosentauEtal2021
KIA-22794	54.15	11.66	7960	71	1.0	-5.6	0.5	0.5	LampeEtal2010,RosentauEtal2021
KIA-22795	54.15	11.66	7861	88	1.0	-6.2	0.5	0.5	LampeEtal2010,RosentauEtal2021
KIA-22796	54.15	11.67	7143	114	1.0	-3.6	0.5	0.5	LampeEtal2010,RosentauEtal2021
KIA-22797	54.15	11.67	6697	81	1.0	-2.0	0.5	0.5	LampeEtal2010,RosentauEtal2021
KIA-22798	54.15	11.67	6531	107	1.0	-1.8	0.5	0.5	LampeEtal2010,RosentauEtal2021
KIA-22799	53.99	11.37	7453	109	1.0	-5.5	0.5	0.5	LampeEtal2010,RosentauEtal2021
KIA-22800	53.99	11.37	7280	115	1.0	-5.5	0.5	0.5	LampeEtal2010,RosentauEtal2021
KIA-22803	54.05	11.47	7957	75	1.0	-8.7	0.5	0.5	LampeEtal2010,RosentauEtal2021
KIA-22804	54.05	11.47	7923	69	1.0	-9.0	0.5	0.5	LampeEtal2010,RosentauEtal2021
KIA-22866	53.95	11.49	5486	105	0.0	-3.35	0.25	0.25	LampeEtal2010,RosentauEtal2021
KIA-22867	53.95	11.49	5291	180	0.0	-3.15	0.25	0.25	LampeEtal2010,RosentauEtal2021
KIA-22868	53.95	11.49	5108	177	0.0	-2.85	0.25	0.25	LampeEtal2010,RosentauEtal2021
KIA-22869	53.95	11.49	4345	172	0.0	-2.55	0.25	0.25	LampeEtal2010,RosentauEtal2021
KIA-22870	53.95	11.49	4003	239	0.0	-2.05	0.25	0.25	LampeEtal2010,RosentauEtal2021
KIA-22871	53.95	11.49	1622	75	0.0	-1.05	0.25	0.25	LampeEtal2010,RosentauEtal2021
KIA-22873	53.95	11.49	530	16	0.0	-0.44999999999999996	0.25	0.25	LampeEtal2010,RosentauEtal2021
KIA-22875	53.95	11.49	578	49	0.0	0.05000000000000002	0.25	0.25	LampeEtal2010,RosentauEtal2021
KIA-22792	54.15	11.66	7682	66	1.0	-5.6	0.5	0.5	LampeEtal2010,RosentauEtal2021
KIA-50958	54.48	11.46	9592	91	1.0	-27.7	0.500199960015992	0.500199960015992	HeinrichEtal2018,RosentauEtal2021
AAR-2055	54.37	11.75	12597	158	-1.0	-26.7	1.118033988749895	1.118033988749895	JensenEtal1997,RosentauEtal2021
AAR-2276	54.33	11.98	1238	227	-1.0	-19.7	1.118033988749895	1.118033988749895	BennikeJensen1998,RosentauEtal2021
AAR-2277	54.35	11.88	7397	231	-1.0	-19.6	1.118033988749895	1.118033988749895	JensenEtal1997,RosentauEtal2021
AAR-2279	54.39	11.54	7657	235	-1.0	-29.5	1.118033988749895	1.118033988749895	JensenEtal1997,RosentauEtal2021
AAR-2278	54.39	11.54	7037	286	-1.0	-28.3	1.118033988749895	1.118033988749895	JensenEtal1997,RosentauEtal2021
AAR-2054	54.37	11.75	10999	244	-1.0	-24.8	1.118033988749895	1.118033988749895	JensenEtal1997,RosentauEtal2021
AAR-1915	54.45	11.4	12220	377	-1.0	-29.1	1.118033988749895	1.118033988749895	JensenEtal1997,RosentauEtal2021
AAR-1916	54.45	11.4	11406	556	-1.0	-28.3	1.118033988749895	1.118033988749895	BennikeJensen1998,RosentauEtal2021
AAR-2058	54.35	11.88	10898	290	0.0	-20.9	1.2247448713915892	1.2247448713915892	JensenEtal1997,RosentauEtal2021
AAR-2374	54.45	11.4	10525	272	-1.0	-29.3	1.118033988749895	1.118033988749895	BennikeJensen1998,RosentauEtal2021
AAR-2056	54.37	11.75	10858	311	-1.0	-24.5	1.118033988749895	1.118033988749895	JensenEtal1997,RosentauEtal2021
AAR-1924	54.36	11.83	12044	559	-1.0	-24.1	1.118033988749895	1.118033988749895	JensenEtal1997,RosentauEtal2021
AAR-4212	54.36	11.83	10418	159	-1.0	-22.5	1.118033988749895	1.118033988749895	BennikeJensen1998,RosentauEtal2021
AAR-1925	54.35	11.94	12541	490	1.0	-19.5	1.118033988749895	1.118033988749895	JensenEtal1997,RosentauEtal2021
