AAR-2461	57.48	10.43	7349	162	0.0	12.2	1.2247448713915892	1.2247448713915892	ChristensenNielsen2008,RosentauEtal2021
AAR-2462	57.48	10.43	6938	217	0.0	12.4	1.2247448713915892	1.2247448713915892	ChristensenNielsen2008,RosentauEtal2021
AAR-2460	57.48	10.43	11602	316	1.0	11.5	1.118033988749895	1.118033988749895	ChristensenNielsen2008,RosentauEtal2021
AAR-2134	57.46	9.78	17389	431	-1.0	25.0	1.118033988749895	1.118033988749895	Richardt1996,RosentauEtal2021
AAR-2133	57.46	9.78	17457	565	-1.0	15.0	1.118033988749895	1.118033988749895	Richardt1996,RosentauEtal2021
K-1052	57.56	10.11	16368	655	-1.0	12.0	1.118033988749895	1.118033988749895	KrogTauber1974,RosentauEtal2021
AAR-2132	57.46	9.78	17019	436	-1.0	13.0	1.118033988749895	1.118033988749895	Richardt1996,RosentauEtal2021
K-1246	57.46	10.51	2082	316	-1.0	4.0	1.118033988749895	1.118033988749895	KrogTauber1974,RosentauEtal2021
K-5850	57.54	10.44	139	119	-1.0	0.5	1.118033988749895	1.118033988749895	PetersenRasmussen1995,RosentauEtal2021
K-1038	57.49	10.49	4009	401	-1.0	4.0	1.118033988749895	1.118033988749895	KrogTauber1974,RosentauEtal2021
K-1238	57.45	10.54	5472	399	-1.0	0.3	1.118033988749895	1.118033988749895	KrogTauber1974,RosentauEtal2021
K-1237	57.45	10.54	5565	320	-1.0	1.3	1.118033988749895	1.118033988749895	KrogTauber1974,RosentauEtal2021
K-1039	57.49	10.49	4396	397	-1.0	4.0	1.118033988749895	1.118033988749895	KrogTauber1974,RosentauEtal2021
K-1053	57.56	10.11	15755	408	-1.0	15.0	1.118033988749895	1.118033988749895	KrogTauber1974,RosentauEtal2021
K-858	57.47	9.78	16157	633	-1.0	22.0	1.118033988749895	1.118033988749895	KrogTauber1974,RosentauEtal2021
K-1248	57.58	10.01	13202	417	-1.0	6.7	1.118033988749895	1.118033988749895	KrogTauber1974,RosentauEtal2021
K-1236	57.46	10.51	3999	421	-1.0	4.0	1.118033988749895	1.118033988749895	KrogTauber1974,RosentauEtal2021
K-2575	57.45	10.52	12855	364	-1.0	4.0	1.118033988749895	1.118033988749895	AarisSorensenPetersen1984,RosentauEtal2021
K-1318	57.58	10.01	14182	631	-1.0	6.7	1.118033988749895	1.118033988749895	KrogTauber1974,RosentauEtal2021
K-4505	57.04	10.09	5700	273	-1.0	-34.0	1.118033988749895	1.118033988749895	PetersenRasmussen1995,RosentauEtal2021
K-5760	57.26	9.97	6373	287	-1.0	1.0	1.118033988749895	1.118033988749895	PetersenRasmussen1995,RosentauEtal2021
K-5759	57.26	9.97	6441	283	-1.0	1.0	1.118033988749895	1.118033988749895	PetersenRasmussen1995,RosentauEtal2021
K-1357	57.58	10.01	14082	623	-1.0	6.7	1.118033988749895	1.118033988749895	KrogTauber1974,RosentauEtal2021
K-1468	57.53	10.19	14560	629	-1.0	15.0	1.118033988749895	1.118033988749895	KrogTauber1974,RosentauEtal2021
K-5653	57.64	10.37	7444	251	-1.0	3.0	1.118033988749895	1.118033988749895	PetersenRasmussen1995,RosentauEtal2021
K-1470	57.59	10.18	13516	469	-1.0	3.0	1.118033988749895	1.118033988749895	KrogTauber1974,RosentauEtal2021
K-1471	57.59	10.18	13486	472	-1.0	3.0	1.118033988749895	1.118033988749895	KrogTauber1974,RosentauEtal2021
K-1472	57.59	10.18	8792	384	-1.0	6.0	1.118033988749895	1.118033988749895	KrogTauber1974,RosentauEtal2021
K-903	57.28	10.37	14883	651	-1.0	16.0	1.118033988749895	1.118033988749895	KrogTauber1974,RosentauEtal2021
K-1687	57.45	10.52	13556	449	-1.0	20.0	1.118033988749895	1.118033988749895	KrogTauber1974,RosentauEtal2021
K-1688	57.45	10.52	14116	606	-1.0	25.0	1.118033988749895	1.118033988749895	KrogTauber1974,RosentauEtal2021
K-1689	57.56	10.11	13687	482	-1.0	9.0	1.118033988749895	1.118033988749895	KrogTauber1974,RosentauEtal2021
K-2671	57.42	9.75	16605	506	-1.0	8.0	1.118033988749895	1.118033988749895	Knudsen1978,RosentauEtal2021
K-2670	57.42	9.75	17103	563	-1.0	1.6	1.118033988749895	1.118033988749895	Knudsen1978,RosentauEtal2021
K-897	57.56	10.11	14250	606	-1.0	8.0	1.118033988749895	1.118033988749895	KrogTauber1974,RosentauEtal2021
K-891	57.53	10.2	14409	604	-1.0	12.0	1.118033988749895	1.118033988749895	KrogTauber1974,RosentauEtal2021
K-899	57.56	10.11	13870	542	-1.0	10.0	1.118033988749895	1.118033988749895	KrogTauber1974,RosentauEtal2021
K-1320	57.58	10.01	13717	517	-1.0	6.0	1.118033988749895	1.118033988749895	KrogTauber1974,RosentauEtal2021
K-5315	57.46	10.5	2418	273	-1.0	0.0	1.118033988749895	1.118033988749895	Petersen1991,RosentauEtal2021
K-5758	57.26	9.97	6793	314	-1.0	1.0	1.118033988749895	1.118033988749895	PetersenRasmussen1995,RosentauEtal2021
K-5317	57.5	10.5	5487	232	-1.0	2.4	1.118033988749895	1.118033988749895	Petersen1991,RosentauEtal2021
AAR-2463	57.48	10.43	7105	156	0.0	12.4	1.2247448713915892	1.2247448713915892	ChristensenNielsen2008,RosentauEtal2021
AAR-2464	57.48	10.43	6972	263	0.0	12.8	1.2247448713915892	1.2247448713915892	ChristensenNielsen2008,RosentauEtal2021
K-861	57.56	10.11	13771	485	-1.0	11.0	1.118033988749895	1.118033988749895	KrogTauber1974,RosentauEtal2021
K-5319	57.5	10.5	3014	265	-1.0	3.7	1.118033988749895	1.118033988749895	Petersen1991,RosentauEtal2021
K-5320	57.5	10.5	2351	292	-1.0	4.2	1.118033988749895	1.118033988749895	Petersen1991,RosentauEtal2021
K-5318	57.5	10.5	4335	317	-1.0	2.0	1.118033988749895	1.118033988749895	Petersen1991,RosentauEtal2021
K-5849	57.54	10.44	116	108	-1.0	0.5	1.118033988749895	1.118033988749895	PetersenRasmussen1995,RosentauEtal2021
K-5848	57.54	10.44	156	141	-1.0	0.5	1.118033988749895	1.118033988749895	PetersenRasmussen1995,RosentauEtal2021
K-5479	57.63	10.3	7280	262	-1.0	8.0	1.118033988749895	1.118033988749895	Petersen1991,RosentauEtal2021
K-5480	57.68	10.43	4239	191	-1.0	8.0	1.118033988749895	1.118033988749895	Petersen1991,RosentauEtal2021
K-859	57.45	10.52	13550	360	-1.0	20.0	1.118033988749895	1.118033988749895	KrogTauber1974,RosentauEtal2021
K-860	57.56	10.11	13838	505	-1.0	7.0	1.118033988749895	1.118033988749895	KrogTauber1974,RosentauEtal2021
K-1319	57.58	10.01	13486	472	-1.0	5.5	1.118033988749895	1.118033988749895	KrogTauber1974,RosentauEtal2021
K-5419	57.45	10.16	7649	265	-1.0	8.0	1.118033988749895	1.118033988749895	PetersenRasmussen1995,RosentauEtal2021
K-5316	57.46	10.5	2434	270	-1.0	0.0	1.118033988749895	1.118033988749895	Petersen1991,RosentauEtal2021
