Beta_178173	69.12	-50.676	1643	84	0.0	-4.38	0.32	0.32	LongEtal2006,LongEtal2011
I-6243	69.083	-51.133	7585	322	0.0	28.7	6.0	6.0	Weidick1973
Beta-178165	69.122	-50.675	7603	72	0.0	30.59	0.28	0.28	LongEtal2006,LongEtal2011
Beta-178166	69.117	-50.682	5799	116	0.0	11.15	0.35	0.35	LongEtal2006,LongEtal2011
Beta-178168	69.114	-50.63	8823	171	1.0	43.32	1.0	1.0	LongEtal2006,LongEtal2011
I-6242	68.933	-51.0	6044	343	-1.0	2.0	1.0	1.0	Weidick1973
Beta-178171	69.1	-50.625	6816	120	0.0	24.67	0.32	0.32	LongEtal2006,LongEtal2011
Beta-179167	69.114	-50.666	4687	138	0.0	0.56	0.33	0.33	LongEtal2006,LongEtal2011
K-1818	69.1	-51.067	9656	460	-1.0	7.5	2.5	2.5	Weidick1972a
Beta_178172	69.12	-50.676	3838	124	0.0	-4.38	0.32	0.32	LongEtal2006,LongEtal2011
Beta-178169	69.122	-50.625	7602	76	1.0	175.0	1.0	1.0	LongEtal2006,LongEtal2011
Beta-178170	69.123	-50.586	7762	84	1.0	250.0	1.0	1.0	LongEtal2006,LongEtal2011
