SRR-2396	55.17	-7.88	4517	272	1.0	0.8	1.13	1.13	Shaw1985,ShennanEtal2018
Ire_NK03	54.98	-8.49	9637	1251	1.0	-2.82	1.2	1.2	Telford1978,ShennanEtal2018
Ire_NK02	54.97	-8.49	5958	318	1.0	-0.97	1.2	1.2	SmithPilcher1973,ShennanEtal2018
Ire_NK01	54.97	-8.49	4529	1049	1.0	-0.07	1.2	1.2	SmithPilcher1973,ShennanEtal2018
Beta-22238	54.81	-8.47	988	262	1.0	0.63	1.2	1.2	ShawCarter1994,ShennanEtal2018
Gif-5482	55.15	-8.17	6579	387	1.0	-0.24	1.08	1.08	Shaw1985,ShennanEtal2018
Gif-5484	54.93	-8.46	4298	470	1.0	-1.93	1.2	1.2	GaulinEtal1983,ShawCarter1994,ShennanEtal2018
UB-2680	54.84	-8.42	801	239	0.0	0.27	0.25	0.25	Shaw1985,ShennanEtal2018
UB-2679	55.15	-7.91	3551	342	0.0	0.18	0.77	0.77	ShawCarter1994,ShennanEtal2018
UB-2678	54.97	-8.49	3489	470	1.0	0.38	1.22	1.22	Shaw1985,ShennanEtal2018
SRR-2395	55.17	-7.88	1562	134	1.0	-0.9	1.13	1.13	Shaw1985,ShennanEtal2018
UB-2677	54.84	-8.4	2080	348	0.0	0.0	0.24	0.24	Shaw1985,ShennanEtal2018
Beta-42528	55.15	-8.17	4086	366	0.0	-0.61	0.73	0.73	Shaw1985,ShennanEtal2018
UB-2095	54.82	-8.54	7871	359	1.0	0.69	1.21	1.21	Pearson1979,ShennanEtal2018
Beta-34314	55.15	-8.17	5039	405	0.0	-0.98	0.77	0.77	ShawCarter1994,ShennanEtal2018
SRR-2606	54.89	-8.32	4807	402	0.0	-1.85	0.78	0.78	ShawCarter1994,ShennanEtal2018
UB-2676	54.84	-8.37	5678	300	1.0	0.09	1.2	1.2	Shaw1985,ShennanEtal2018
SRR-2604	54.89	-8.32	3071	278	0.0	0.05	0.78	0.78	ShawCarter1994,ShennanEtal2018
UB-2177	54.76	-8.52	3726	336	1.0	1.69	1.2	1.2	Carter1982,ShennanEtal2018
SRR-2399	55.17	-7.88	735	51	1.0	3.27	1.13	1.13	ShawCarter1994,ShennanEtal2018
SRR-2398	55.17	-7.88	3921	314	1.0	2.71	1.13	1.13	Shaw1985,ShennanEtal2018
SRR-2397	55.17	-7.88	5196	292	1.0	1.93	1.13	1.13	Shaw1985,ShennanEtal2018
SRR-2605	54.89	-8.32	4445	376	0.0	-0.09	0.55	0.55	Shaw1985,ShennanEtal2018
