BETA-185988	46.07	-60.89	1807	220	-1.0	-14.0	0.6	0.6	ShawEtal2009,VacchiEtal2018
BETA-185989	46.07	-60.89	4737	121	1.0	-14.5	0.7	0.7	ShawEtal2009,VacchiEtal2018
BETA-185990	46.07	-60.89	4313	132	1.0	-11.6	0.7	0.7	ShawEtal2009,VacchiEtal2018
BETA-185991	46.07	-60.89	6061	122	0.0	-22.3	0.7	0.7	ShawEtal2009,VacchiEtal2018
BETA-185987	46.07	-60.89	4636	179	0.0	-14.1	0.7	0.7	ShawEtal2009,VacchiEtal2018
BETA-185986	46.07	-60.89	4642	176	0.0	-13.7	0.7	0.7	ShawEtal2009,VacchiEtal2018
BETA-185985	46.07	-60.89	5154	152	1.0	-15.2	0.7	0.7	ShawEtal2009,VacchiEtal2018
BETA-197661	46.07	-60.89	5139	159	1.0	-15.3	0.6	0.6	ShawEtal2009,VacchiEtal2018
BETA-185984	46.07	-60.89	1555	178	-1.0	-14.4	0.6	0.6	ShawEtal2009,VacchiEtal2018
GSC-1578	46.04	-60.38	12148	327	1.0	50.0	0.6	0.6	BlakeLowdon1976,VacchiEtal2018
BETA-197660	46.07	-60.89	5087	196	1.0	-15.1	0.7	0.7	ShawEtal2009,VacchiEtal2018
BETA-31834	46.22	-60.53	4042	287	1.0	-1.1	0.6	0.6	MillerLivingstone1993,VacchiEtal2018
BETA-37865	46.22	-60.53	819	112	-1.0	-1.1	0.6	0.6	MillerLivingstone1993,VacchiEtal2018
BETA-37867	46.22	-60.53	1444	137	0.0	-1.5	0.7	0.7	MillerLivingstone1993,VacchiEtal2018
BETA-197662	46.07	-60.89	6150	133	0.0	-22.4	0.7	0.7	ShawEtal2009,VacchiEtal2018
BETA-37866	46.22	-60.53	1148	157	-1.0	-1.1	0.6	0.6	MillerLivingstone1993,VacchiEtal2018
