WK-784	-34.82	138.53	3221	274	0.0	0.75	0.5024937810560445	0.5024937810560445	Belperio1993,BelperioEtal2002,LewisEtal2013
CS-545	-34.989	138.015	1447	267	-1.0	-33.75	0.1	0.1	CannEtal1988,MurrayWallaceEtal1993,BelperioEtal2002,LewisEtal2013
CS-543	-34.989	138.015	5275	282	-1.0	-33.5	0.1	0.1	BelperioEtal2002,LewisEtal2013
WK-775	-34.66	138.45	2951	254	0.0	-0.15	0.5063595560468865	0.5063595560468865	BelperioEtal2002,LewisEtal2013
WK-776	-34.66	138.45	4888	308	0.0	0.635	0.5006246098625197	0.5006246098625197	BelperioEtal2002,LewisEtal2013
WK-777	-34.66	138.45	7525	218	0.0	0.005	0.5012235030403104	0.5012235030403104	BelperioEtal2002,LewisEtal2013
WK-778	-34.66	138.45	275	212	-1.0	-1.085	0.8806957476904269	0.8806957476904269	BelperioEtal2002,LewisEtal2013
SUA-2713	-35.31	138.238	9998	365	0.0	-38.4	0.5	0.5	CannEtal1993,Belperio1993,BelperioEtal2002,LewisEtal2013
WK-779	-34.66	138.45	760	199	-1.0	-0.875	0.1312440474840669	0.1312440474840669	BelperioEtal2002,LewisEtal2013
WK-781	-34.66	138.45	3982	362	-1.0	0.295	0.1312440474840669	0.1312440474840669	BelperioEtal2002,LewisEtal2013
WK-782	-34.66	138.45	7081	283	0.0	1.435	0.5006246098625197	0.5006246098625197	BelperioEtal2002,LewisEtal2013
SUA-2710	-35.31	138.238	4910	309	-1.0	-36.7	0.1	0.1	CannEtal1993,BelperioEtal2002,LewisEtal2013
WK-783	-34.66	138.45	6506	485	-1.0	1.185	0.10307764064044153	0.10307764064044153	BelperioEtal2002,LewisEtal2013
SUA-2711	-35.31	138.238	10135	375	-1.0	-37.2	0.1	0.1	CannEtal1993,Belperio1993,BelperioEtal2002,LewisEtal2013
SUA-2712	-35.31	138.238	10243	335	-1.0	-37.6	0.1	0.1	CannEtal1993,Belperio1993,BelperioEtal2002,LewisEtal2013
WK-780	-34.66	138.45	6593	344	-1.0	-1.855	0.10594810050208546	0.10594810050208546	BelperioEtal2002,LewisEtal2013
SUA-2690	-35.16	138.02	3002	274	-1.0	-4.1	0.1	0.1	BelperioEtal2002,LewisEtal2013
SUA-2640	-35.16	138.02	1850	260	-1.0	-3.15	0.1	0.1	BelperioEtal2002,LewisEtal2013
WK-786	-34.82	138.53	3377	274	0.0	-0.6635	0.5006246098625197	0.5006246098625197	Belperio1993,BelperioEtal2002,LewisEtal2013
WK-1112	-34.66	138.45	1300	210	0.0	1.1	0.5	0.5	BelperioEtal2002,LewisEtal2013
Beta-30178	-35.16	138.02	8736	384	0.0	-27.6	0.5	0.5	Belperio1993,BelperioEtal2002,LewisEtal2013
Beta-30179	-35.16	138.02	9553	321	0.0	-32.9	0.5	0.5	Belperio1993,BelperioEtal2002,LewisEtal2013
Beta-30181	-35.16	138.02	10572	546	0.0	-40.6	0.5	0.5	Belperio1993,BelperioEtal2002,LewisEtal2013
WK-913	-34.2	138.1	3597	249	0.0	0.74	0.5080354318352215	0.5080354318352215	BelperioEtal2002,LewisEtal2013
WK-912	-34.2	138.1	3082	246	0.0	0.655	0.5089449872039217	0.5089449872039217	BelperioEtal2002,LewisEtal2013
WK-911	-34.2	138.1	6920	335	-1.0	0.19	0.14866068747318506	0.14866068747318506	BelperioEtal2002,LewisEtal2013
WK-910	-34.2	138.1	6128	240	-1.0	-1.04	0.12806248474865697	0.12806248474865697	BelperioEtal2002,LewisEtal2013
WK-909	-34.2	138.1	4088	467	-1.0	-0.87	0.13453624047073712	0.13453624047073712	BelperioEtal2002,LewisEtal2013
WK-908	-34.2	138.1	3389	258	-1.0	-2.285	0.11412712210513329	0.11412712210513329	BelperioEtal2002,LewisEtal2013
WK-907	-34.2	138.1	5770	230	-1.0	-2.415	0.17613914953808538	0.17613914953808538	BelperioEtal2002,LewisEtal2013
WK-906	-34.2	138.1	3753	255	-1.0	-2.525	0.10594810050208546	0.10594810050208546	BelperioEtal2002,LewisEtal2013
WK-785	-34.82	138.53	2454	254	0.0	0.235	0.5012235030403104	0.5012235030403104	Belperio1993,BelperioEtal2002,LewisEtal2013
WK-905	-34.2	138.1	416	284	-1.0	-0.7	0.17204650534085256	0.17204650534085256	BelperioEtal2002,LewisEtal2013
WK-903	-34.2	138.1	4348	287	0.0	1.655	0.5071735403192875	0.5071735403192875	BelperioEtal2002,LewisEtal2013
WK-902	-34.2	138.1	7384	212	-1.0	1.46	0.1118033988749895	0.1118033988749895	BelperioEtal2002,LewisEtal2013
WK-901	-34.2	138.1	4231	274	0.0	1.28	0.5024937810560445	0.5024937810560445	BelperioEtal2002,LewisEtal2013
WK-900	-34.2	138.1	6722	282	-1.0	2.28	0.12806248474865697	0.12806248474865697	BelperioEtal2002,LewisEtal2013
WK-899	-34.2	138.1	4276	277	0.0	2.85	1.2	1.2	BelperioEtal2002,LewisEtal2013
WK-898	-34.2	138.1	1932	124	0.0	-0.44	0.5	0.5	BelperioEtal2002,LewisEtal2013
WK-897	-34.2	138.1	3832	298	0.0	2.78	1.2	1.2	BelperioEtal2002,LewisEtal2013
WK-896	-34.2	138.1	2388	267	0.0	2.06	1.2	1.2	BelperioEtal2002,LewisEtal2013
WK-895	-34.2	138.1	2388	267	0.0	0.99	1.2	1.2	BelperioEtal2002,LewisEtal2013
WK-788	-34.82	138.53	5985	259	-1.0	-2.91	0.1	0.1	BelperioEtal2002,LewisEtal2013
WK-787	-34.82	138.53	4366	420	-1.0	-0.79	0.1	0.1	BelperioEtal2002,LewisEtal2013
CS-560	-34.7	138.44	4806	335	-1.0	-2.42	0.1	0.1	BelperioEtal2002,LewisEtal2013
WK-904	-34.2	138.1	7134	341	-1.0	2.185	0.1312440474840669	0.1312440474840669	BelperioEtal2002,LewisEtal2013
CS-561	-34.66	138.45	2612	284	0.0	2.76	1.2	1.2	BelperioEtal2002,LewisEtal2013
CS-559	-34.847	138.249	2178	309	-1.0	-21.8	0.1	0.1	BelperioEtal2002,LewisEtal2013
CS-563	-34.2	138.1	4561	305	0.0	2.6	1.2	1.2	BelperioEtal2002,LewisEtal2013
StVincent-01	-35.16	138.02	1385	327	-1.0	-4.25	0.1	0.1	BelperioEtal2002,LewisEtal2013
StVincent-02	-35.16	138.02	718	208	-1.0	-2.43	0.1	0.1	BelperioEtal2002,LewisEtal2013
StVincent-03	-35.16	138.02	2017	632	-1.0	-1.9	0.1	0.1	BelperioEtal2002,LewisEtal2013
WK-1975	-34.82	138.53	254	231	0.0	-1.53	0.5	0.5	Belperio1993,BelperioEtal2002,LewisEtal2013
WK-1974	-34.82	138.53	3670	256	0.0	0.1	0.5	0.5	Belperio1993,BelperioEtal2002,LewisEtal2013
CS-562	-34.66	138.45	3903	325	-1.0	0.24	0.10198039027185571	0.10198039027185571	BelperioEtal2002,LewisEtal2013
WK-1969	-34.82	138.53	8077	234	0.0	0.06000000000000005	0.5	0.5	Belperio1993,BelperioEtal2002,LewisEtal2013
WK-1968	-34.82	138.53	7568	207	0.0	-1.66	0.1	0.1	Belperio1993,BelperioEtal2002,LewisEtal2013
WK-1125	-34.2	138.1	1716	232	0.0	1.2	0.5	0.5	BelperioEtal2002,LewisEtal2013
WK-1124	-34.2	138.1	4499	299	0.0	0.105	0.5020209158989295	0.5020209158989295	BelperioEtal2002,LewisEtal2013
WK-1976	-34.82	138.53	3282	240	0.0	-0.17	0.5	0.5	Belperio1993,BelperioEtal2002,LewisEtal2013
WK-1123	-34.2	138.1	2478	235	0.0	2.1	1.2	1.2	BelperioEtal2002,LewisEtal2013
WK-1121	-34.2	138.1	4045	304	-1.0	0.37	0.1044030650891055	0.1044030650891055	BelperioEtal2002,LewisEtal2013
WK-1120	-34.2	138.1	1123	145	0.0	-0.445	0.5002249493977684	0.5002249493977684	BelperioEtal2002,LewisEtal2013
WK-1119	-34.2	138.1	3770	271	0.0	-0.03499999999999992	0.5030159043211259	0.5030159043211259	BelperioEtal2002,LewisEtal2013
WK-1118	-34.2	138.1	7683	506	-1.0	-1.27	0.1044030650891055	0.1044030650891055	Belperio1993,BelperioEtal2002,LewisEtal2013
WK-1117	-34.2	138.1	8077	1028	0.0	-3.14	0.5015974481593781	0.5015974481593781	Belperio1993,BelperioEtal2002,LewisEtal2013
WK-1116	-34.66	138.45	3670	256	0.0	3.6	1.2	1.2	BelperioEtal2002,LewisEtal2013
WK-1115	-34.66	138.45	2656	260	0.0	2.6	1.2	1.2	BelperioEtal2002,LewisEtal2013
WK-1114	-34.66	138.45	2351	282	0.0	2.6	1.2	1.2	BelperioEtal2002,LewisEtal2013
WK-1113	-34.66	138.45	796	205	0.0	1.6	1.2	1.2	BelperioEtal2002,LewisEtal2013
SUA-2408	-34.66	138.45	7383	579	0.0	-1.2	0.1	0.1	BelperioEtal2002,LewisEtal2013
WK-1122	-34.2	138.1	4045	304	0.0	1.115	0.5055937104039171	0.5055937104039171	BelperioEtal2002,LewisEtal2013
WK-1977	-34.82	138.53	484	177	0.0	-1.2	0.5	0.5	Belperio1993,BelperioEtal2002,LewisEtal2013
WK-1971	-34.82	138.53	2108	359	0.0	-0.61	0.5	0.5	Belperio1993,BelperioEtal2002,LewisEtal2013
CS-568	-34.82	138.53	7450	318	0.0	0.01	0.5	0.5	Belperio1993,BelperioEtal2002,LewisEtal2013
CS-564	-34.2	138.1	4270	346	0.0	2.6	1.2	1.2	BelperioEtal2002,LewisEtal2013
WK-1978	-34.82	138.53	2887	230	0.0	0.14	0.5	0.5	Belperio1993,BelperioEtal2002,LewisEtal2013
WK-2144	-34.82	138.53	3609	253	0.0	1.13	0.5	0.5	Belperio1993,BelperioEtal2002,LewisEtal2013
WK-2143	-34.82	138.53	6766	274	0.0	1.42	0.5	0.5	Belperio1993,BelperioEtal2002,LewisEtal2013
WK-2142	-34.82	138.53	6470	250	0.0	1.32	0.5	0.5	Belperio1993,BelperioEtal2002,LewisEtal2013
WK-1981	-34.82	138.53	3722	262	0.0	0.42	0.5	0.5	Belperio1993,BelperioEtal2002,LewisEtal2013
WK-1980	-34.82	138.53	683	183	0.0	-0.9	0.5	0.5	Belperio1993,BelperioEtal2002,LewisEtal2013
ANU-2907	-34.82	138.53	7277	248	0.0	-1.855	0.10307764064044153	0.10307764064044153	BelperioEtal1983,BelperioEtal2002,LewisEtal2013
WK-1979	-34.82	138.53	7320	246	0.0	-0.76	0.5	0.5	Belperio1993,BelperioEtal2002,LewisEtal2013
