Beta-140970	57.86	-6.97	5178	360	0.0	-1.81	0.21	0.21	JordanEtal2010,ShennanEtal2018
Beta-140972	57.86	-6.97	727	179	0.0	-0.31	0.21	0.21	JordanEtal2010,ShennanEtal2018
Beta-140971	57.86	-6.97	2101	304	0.0	-1.03	0.21	0.21	JordanEtal2010,ShennanEtal2018
Beta-140968	57.86	-6.98	769	191	1.0	-1.42	0.29	0.29	JordanEtal2010,ShennanEtal2018
Beta-127972	57.86	-6.98	5437	442	0.0	-3.36	0.21	0.21	JordanEtal2010,ShennanEtal2018
Beta-149188	57.8	-7.06	3157	301	0.0	-1.22	0.21	0.21	JordanEtal2010,ShennanEtal2018
Beta-149189	57.8	-7.06	8183	226	1.0	-3.33	0.5	0.5	JordanEtal2010,ShennanEtal2018
Beta-140969	57.86	-6.97	6286	271	0.0	-3.43	0.21	0.21	JordanEtal2010,ShennanEtal2018
Beta-120964	57.86	-6.98	222	205	1.0	0.17	0.29	0.29	JordanEtal2010,ShennanEtal2018
Beta-120965	57.86	-6.98	402	236	1.0	-0.63	0.29	0.29	JordanEtal2010,ShennanEtal2018
