Beta-203541	52.66	-8.69	10348	291	1.0	-14.31	1.74	1.74	EdwardsEtal2017,ShennanEtal2018
Beta-203540	52.64	-8.65	5242	320	0.0	-4.83	0.55	0.55	EdwardsEtal2017,ShennanEtal2018
Beta-203539	52.64	-8.65	6313	279	0.0	-6.06	0.55	0.55	EdwardsEtal2017,ShennanEtal2018
GrN-21931	52.62	-8.99	615	46	0.0	-1.27	2.73	2.73	OSullivan2001,ShennanEtal2018
Beta-203538	52.64	-8.65	7381	200	0.0	-6.81	0.55	0.55	EdwardsEtal2017,ShennanEtal2018
Beta-203542	52.66	-8.69	10667	394	1.0	-14.47	1.74	1.74	EdwardsEtal2017,ShennanEtal2018
GrN-20975	52.62	-8.99	682	9	0.0	-1.27	2.73	2.73	OSullivan2001,ShennanEtal2018
GrN-20139	52.78	-8.94	1407	90	0.0	-1.27	2.73	2.73	OSullivan2001,ShennanEtal2018
GrN-20976	52.67	-8.78	3561	81	1.0	-3.87	0.55	0.55	OSullivan2001,ShennanEtal2018
Beta-203537	52.66	-8.69	8985	354	1.0	-13.63	1.74	1.74	EdwardsEtal2017,ShennanEtal2018
Beta-203547	52.67	-8.7	4509	314	0.0	-3.64	0.55	0.55	EdwardsEtal2017,ShennanEtal2018
Beta-203544	52.67	-8.7	6479	237	0.0	-4.36	0.55	0.55	EdwardsEtal2017,ShennanEtal2018
Beta-203549	52.67	-8.7	4022	320	0.0	-2.51	0.55	0.55	EdwardsEtal2017,ShennanEtal2018
Beta-205301	52.67	-8.7	4219	181	1.0	-1.36	1.83	1.83	TaylorRuttle2013,ShennanEtal2018
Beta-203543	52.66	-8.69	10897	302	1.0	-14.87	1.74	1.74	EdwardsEtal2017,ShennanEtal2018
Beta-211395	52.66	-8.69	8696	283	-1.0	-13.01	3.21	3.21	EdwardsEtal2017,ShennanEtal2018
Beta-203548	52.67	-8.7	6688	259	0.0	-4.43	0.55	0.55	EdwardsEtal2017,ShennanEtal2018
Beta-211397	52.67	-8.7	6607	256	0.0	-4.05	0.55	0.55	EdwardsEtal2017,ShennanEtal2018
Beta-211396	52.66	-8.69	8046	195	-1.0	-13.01	3.21	3.21	EdwardsEtal2017,ShennanEtal2018
Beta-211399	52.67	-8.7	7545	185	-1.0	-11.85	3.21	3.21	EdwardsEtal2017,ShennanEtal2018
Beta-216647	52.67	-8.7	7804	206	-1.0	-11.85	3.21	3.21	EdwardsEtal2017,ShennanEtal2018
Beta-102087	52.67	-8.78	5510	142	1.0	-3.33	1.67	1.67	OSullivan2001,ShennanEtal2018
Beta-203546	52.67	-8.7	6507	218	0.0	-4.51	0.55	0.55	EdwardsEtal2017,ShennanEtal2018
Beta-203545	52.67	-8.7	7280	247	0.0	-5.22	0.55	0.55	EdwardsEtal2017,ShennanEtal2018
Beta-211398	52.67	-8.7	3781	293	0.0	-2.25	0.55	0.55	EdwardsEtal2017,ShennanEtal2018
