K-5532	55.07	12.45	9017	380	1.0	-13.8	1.118033988749895	1.118033988749895	JensenStecher1992,RosentauEtal2021
AAR-1315	55.18	12.33	12355	389	-1.0	-17.4	1.118033988749895	1.118033988749895	BennikeJensen1995,RosentauEtal2021
AAR-1316	55.17	12.41	13012	223	-1.0	-16.3	1.118033988749895	1.118033988749895	BennikeJensen1995,RosentauEtal2021
K-5548	55.05	12.34	10733	422	1.0	-12.5	1.118033988749895	1.118033988749895	JensenStecher1992,RosentauEtal2021
K-5533	55.08	12.42	8922	315	1.0	-14.6	1.118033988749895	1.118033988749895	JensenStecher1992,RosentauEtal2021
K-6271	55.09	12.86	9239	295	-1.0	-34.2	1.118033988749895	1.118033988749895	BennikeJensen1998,RosentauEtal2021
AAR-1313	55.14	12.4	14640	534	-1.0	-18.7	1.118033988749895	1.118033988749895	BennikeJensen1995,RosentauEtal2021
AAR-1317	55.17	12.38	11838	550	-1.0	-18.9	1.118033988749895	1.118033988749895	BennikeJensen1995,RosentauEtal2021
AAR-1314	55.18	12.3	14412	575	-1.0	-17.7	1.118033988749895	1.118033988749895	BennikeJensen1995,RosentauEtal2021
AAR-1551	55.09	12.86	9538	183	-1.0	-34.3	1.118033988749895	1.118033988749895	BennikeJensen1998,RosentauEtal2021
K-5531	55.07	12.45	8788	342	1.0	-13.4	1.118033988749895	1.118033988749895	JensenStecher1992,RosentauEtal2021
