KS-44	28.36	130.0	5780	240	-1.0	2.6	0.05	0.05	SugiharaEtal2003,OtaEtal2000
KS-60	28.36	130.0	61400	1600	-1.0	27.0	1.0	1.0	OmuraEtal2000
KS-60 	28.36	130.0	61400	1600	0.0	29.5	2.692582403567252	2.692582403567252	SasakiEtal2004
KS-61	28.36	130.0	4650	200	-1.0	0.7	0.05	0.05	SugiharaEtal2003,OtaEtal2000
KS-65	28.36	130.0	3090	140	-1.0	2.1	0.05	0.05	SugiharaEtal2003,OtaEtal2000
MI-01	28.36	130.0	439400	63700	-1.0	42.0	1.0	1.0	InagakiEtal2005
MI-03	28.36	130.0	56700	2200	-1.0	20.0	1.0	1.0	InagakiEtal2005
MI-04	28.36	130.0	63400	1600	-1.0	18.0	1.0	1.0	InagakiEtal2005
MI-05	28.36	130.0	76100	2000	-1.0	40.0	1.0	1.0	InagakiEtal2005
MI-06	28.36	130.0	77200	2200	-1.0	40.0	1.0	1.0	InagakiEtal2005
MI-09	28.36	130.0	59900	1600	-1.0	20.0	1.0	1.0	InagakiEtal2005
MI-10	28.36	130.0	93900	2800	-1.0	40.0	1.0	1.0	InagakiEtal2005
MI-11	28.36	130.0	59300	2800	-1.0	18.0	1.0	1.0	InagakiEtal2005
MI-13	28.36	130.0	61500	1600	-1.0	18.0	1.0	1.0	InagakiEtal2005
MI-14	28.36	130.0	88900	2600	-1.0	40.0	1.0	1.0	InagakiEtal2005
MI-16	28.36	130.0	87600	2800	-1.0	40.0	1.0	1.0	InagakiEtal2005
MI-17	28.36	130.0	97700	3000	-1.0	195.0	1.0	1.0	InagakiOmura2006
MI-20	28.36	130.0	122100	3800	-1.0	205.0	1.0	1.0	InagakiOmura2006
MI-22	28.36	130.0	104500	3000	-1.0	195.0	1.0	1.0	InagakiOmura2006
MI-26	28.36	130.0	142700	5800	-1.0	200.0	1.0	1.0	InagakiOmura2006
MI-27	28.36	130.0	154800	6400	-1.0	203.0	1.0	1.0	InagakiOmura2006
MI-30	28.36	130.0	70400	2000	-1.0	30.0	1.0	1.0	InagakiEtal2005
KS-59	28.36	130.0	2590	140	-1.0	0.8	0.05	0.05	SugiharaEtal2003,OtaEtal2000
MI-32	28.36	130.0	68500	2400	-1.0	16.0	1.0	1.0	InagakiEtal2005
KS-58	28.36	130.0	52400	1400	-1.0	22.0	1.0	1.0	OmuraEtal2000
KS-56 	28.36	130.0	52300	1600	0.0	34.5	7.566372975210778	7.566372975210778	SasakiEtal2004
KM-23 	28.36	130.0	63700	1800	-1.0	35.0	1.0	1.0	SasakiEtal2004
KM-27 	28.36	130.0	56500	1600	-1.0	23.0	1.0	1.0	SasakiEtal2004
KN-04	28.36	130.0	4340	180	-1.0	2.2	0.05	0.05	SugiharaEtal2003,OtaEtal2000
KS-33	28.36	130.0	5050	220	-1.0	3.84	0.05	0.05	SugiharaEtal2003,SasakiEtal1998
KS-34	28.36	130.0	5110	220	-1.0	3.84	0.05	0.05	SugiharaEtal2003,SasakiEtal1998
KS-35	28.36	130.0	6940	280	-1.0	3.79	0.05	0.05	SugiharaEtal2003,SasakiEtal1998
KS-36	28.36	130.0	6510	280	-1.0	3.79	0.05	0.05	SugiharaEtal2003,SasakiEtal1998
KS-37	28.36	130.0	61000	2000	-1.0	11.0	1.0	1.0	OmuraEtal2000
KS-38	28.36	130.0	5550	240	-1.0	3.0	0.05	0.05	SugiharaEtal2003,SasakiEtal1998
KS-39	28.36	130.0	6290	280	-1.0	3.84	0.05	0.05	SugiharaEtal2003,SasakiEtal1998
KS-41	28.36	130.0	5500	220	-1.0	3.6	0.05	0.05	SugiharaEtal2003,OtaEtal2000
KS-42	28.36	130.0	6400	280	-1.0	3.9	0.05	0.05	SugiharaEtal2003,OtaEtal2000
KS-43	28.36	130.0	6150	260	-1.0	2.9	0.05	0.05	SugiharaEtal2003,OtaEtal2000
TH-136	28.36	130.0	1893	392	-1.0	0.5	0.5	0.5	SugiharaEtal2003,NakataEtal1978
KS-45	28.36	130.0	6330	260	-1.0	3.9	0.05	0.05	SugiharaEtal2003,OtaEtal2000
KS-46	28.36	130.0	6640	280	-1.0	2.3	0.05	0.05	SugiharaEtal2003,OtaEtal2000
KS-47	28.36	130.0	3960	200	-1.0	2.47	0.05	0.05	SugiharaEtal2003,SasakiEtal1998
KS-51a	28.36	130.0	5950	220	-1.0	3.0	0.05	0.05	SugiharaEtal2003,OtaEtal2000
KS-54	28.36	130.0	64500	2000	-1.0	10.0	1.0	1.0	OmuraEtal2000
KS-55	28.36	130.0	7000	240	-1.0	6.0	0.05	0.05	SugiharaEtal2003,OtaEtal2000
KS-56	28.36	130.0	52300	1600	-1.0	20.0	1.0	1.0	OmuraEtal2000
KS-57	28.36	130.0	5310	220	-1.0	2.2	0.05	0.05	SugiharaEtal2003,OtaEtal2000
MI-34	28.36	130.0	50200	1400	-1.0	25.0	1.0	1.0	InagakiEtal2005
MI-50	28.36	130.0	103000	3000	-1.0	180.0	1.0	1.0	InagakiOmura2006
N-2455	28.36	130.0	7093	428	-1.0	8.5	0.5	0.5	SugiharaEtal2003,OtaEtal1978
NZA7026	28.36	130.0	5216	313	-1.0	2.6	0.05	0.05	SugiharaEtal2003
NZA7027	28.36	130.0	6446	274	-1.0	2.26	0.05	0.05	SugiharaEtal2003
NZA8623a	28.36	130.0	6753	300	-1.0	8.98	0.05	0.05	SugiharaEtal2003
NZA8624a	28.36	130.0	6912	302	-1.0	8.73	0.05	0.05	SugiharaEtal2003
NZA8626	28.36	130.0	6713	297	-1.0	7.12	0.05	0.05	SugiharaEtal2003
NZA8627	28.36	130.0	7022	281	-1.0	5.61	0.05	0.05	SugiharaEtal2003
OA037	28.36	130.0	42000	6000	-1.0	28.0	1.0	1.0	OmuraEtal2000,KonishiEtal1974
OA038	28.36	130.0	55000	4000	-1.0	26.0	1.0	1.0	OmuraEtal2000,KonishiEtal1974
OA045	28.36	130.0	38000	4000	-1.0	25.0	1.0	1.0	OmuraEtal2000,KonishiEtal1974
OA047	28.36	130.0	131000	4000	-1.0	170.0	1.0	1.0	InagakiOmura2006,KonishiEtal1974
OA050	28.36	130.0	54000	4000	-1.0	40.0	1.0	1.0	OmuraEtal2000,KonishiEtal1974
OA051	28.36	130.0	39000	4000	-1.0	28.0	1.0	1.0	OmuraEtal2000,KonishiEtal1974
OA052	28.36	130.0	54000	8000	-1.0	40.0	1.0	1.0	OmuraEtal2000,OmuraKonishi1970
OA055	28.36	130.0	43000	6000	-1.0	27.0	1.0	1.0	OmuraEtal2000,KonishiEtal1974
OA073	28.36	130.0	127000	9000	-1.0	170.0	1.0	1.0	InagakiOmura2006,KonishiEtal1974
OA078	28.36	130.0	50000	4000	-1.0	50.0	1.0	1.0	OmuraEtal2000,KonishiEtal1974
OA121	28.36	130.0	50000	6000	-1.0	10.0	1.0	1.0	OmuraEtal2000,KonishiEtal1974
OA122	28.36	130.0	51000	4000	-1.0	10.0	1.0	1.0	OmuraEtal2000,KonishiEtal1974
TH-132a	28.36	130.0	5381	471	-1.0	2.5	0.5	0.5	SugiharaEtal2003,NakataEtal1978
TH-131	28.36	130.0	4859	479	-1.0	4.5	0.5	0.5	SugiharaEtal2003,NakataEtal1978
TH-130	28.36	130.0	6897	465	-1.0	5.3	0.5	0.5	SugiharaEtal2003,NakataEtal1978
NZA7025	28.36	130.0	6083	281	-1.0	4.25	0.05	0.05	SugiharaEtal2003
NZA7024	28.36	130.0	6336	299	-1.0	3.92	0.05	0.05	SugiharaEtal2003
NZA7023	28.36	130.0	3863	336	-1.0	4.21	0.05	0.05	SugiharaEtal2003
NZA7022	28.36	130.0	4446	331	-1.0	3.17	0.05	0.05	SugiharaEtal2003
N-2456	28.36	130.0	6225	498	-1.0	5.8	0.5	0.5	SugiharaEtal2003,OtaEtal1978
N-2457	28.36	130.0	4976	357	-1.0	1.9	0.5	0.5	SugiharaEtal2003,OtaEtal1978
N-2458	28.36	130.0	3695	351	-1.0	5.0	0.5	0.5	SugiharaEtal2003,OtaEtal1978
N-2459	28.36	130.0	4016	371	-1.0	5.0	0.5	0.5	SugiharaEtal2003,OtaEtal1978
N-2663	28.36	130.0	3548	349	-1.0	3.1	0.5	0.5	SugiharaEtal2003,OtaEtal1978
N-2664	28.36	130.0	3496	341	-1.0	3.0	0.5	0.5	SugiharaEtal2003,OtaEtal1978
N-2665	28.36	130.0	2697	335	-1.0	1.0	0.5	0.5	SugiharaEtal2003,OtaEtal1978
N-2666	28.36	130.0	1771	327	-1.0	0.8	0.5	0.5	SugiharaEtal2003,OtaEtal1978
N-2723	28.36	130.0	3903	375	-1.0	5.8	0.5	0.5	SugiharaEtal2003,OtaEtal1978
N-2724	28.36	130.0	2207	356	-1.0	1.6	0.5	0.5	SugiharaEtal2003,OtaEtal1978
KM-21 	28.36	130.0	65000	1800	-1.0	50.0	1.0	1.0	SasakiEtal2004
NGA8625	28.36	130.0	3274	306	-1.0	2.08	0.05	0.05	SugiharaEtal2003
NZA10996	28.36	130.0	7479	253	-1.0	8.34	0.05	0.05	SugiharaEtal2003
NZA11002	28.36	130.0	6076	278	-1.0	8.12	0.05	0.05	SugiharaEtal2003
NZA11003	28.36	130.0	5995	288	-1.0	9.37	0.05	0.05	SugiharaEtal2003
TH-135	28.36	130.0	3845	451	-1.0	2.6	0.5	0.5	SugiharaEtal2003,NakataEtal1978
TH-134	28.36	130.0	3732	453	-1.0	0.25	0.5	0.5	SugiharaEtal2003,NakataEtal1978
TH-133	28.36	130.0	4084	467	-1.0	4.8	0.5	0.5	SugiharaEtal2003,NakataEtal1978
NZA7018	28.36	130.0	2310	334	-1.0	0.68	0.05	0.05	SugiharaEtal2003
NZA7019	28.36	130.0	1215	261	-1.0	0.34	0.05	0.05	SugiharaEtal2003
NZA7020	28.36	130.0	2903	308	-1.0	1.57	0.05	0.05	SugiharaEtal2003
NZA7021	28.36	130.0	3165	303	-1.0	2.21	0.05	0.05	SugiharaEtal2003
NZA10995	28.36	130.0	7898	259	-1.0	6.3	0.05	0.05	SugiharaEtal2003
KM-20 	28.36	130.0	51300	1200	-1.0	18.0	1.0	1.0	SasakiEtal2004
KM-19 	28.36	130.0	61800	3200	-1.0	20.0	1.0	1.0	SasakiEtal2004
KM-17 	28.36	130.0	54300	1400	-1.0	18.0	1.0	1.0	SasakiEtal2004
AO489	28.36	130.0	50700	1200	-1.0	28.0	1.0	1.0	InagakiEtal2005
AO490	28.36	130.0	61900	1400	-1.0	26.0	1.0	1.0	InagakiEtal2005
AO491	28.36	130.0	67600	1800	-1.0	27.0	1.0	1.0	InagakiEtal2005
AO514	28.36	130.0	49800	1200	-1.0	25.0	1.0	1.0	InagakiEtal2005
AO515	28.36	130.0	46800	1000	-1.0	25.0	1.0	1.0	InagakiEtal2005
AO516	28.36	130.0	49700	1200	-1.0	25.0	1.0	1.0	InagakiEtal2005
TM-07	28.36	130.0	4080	200	-1.0	0.81	0.05	0.05	SugiharaEtal2003,SasakiEtal1998
TM-06	28.36	130.0	7290	260	-1.0	2.96	0.05	0.05	SugiharaEtal2003,SasakiEtal1998
TM-05	28.36	130.0	7190	260	-1.0	4.02	0.05	0.05	SugiharaEtal2003,SasakiEtal1998
AO488	28.36	130.0	45100	1000	-1.0	20.0	1.0	1.0	InagakiEtal2005
TM-04	28.36	130.0	3850	160	-1.0	1.92	0.05	0.05	SugiharaEtal2003,SasakiEtal1998
TM-02	28.36	130.0	2920	140	-1.0	1.84	0.05	0.05	SugiharaEtal2003,SasakiEtal1998
TM-01	28.36	130.0	3130	160	-1.0	0.65	0.05	0.05	SugiharaEtal2003,SasakiEtal1998
TH-181	28.36	130.0	6053	379	-1.0	2.0	0.5	0.5	SugiharaEtal2003,NakataEtal1978
TH-180	28.36	130.0	2482	362	-1.0	2.5	0.05	0.05	SugiharaEtal2003,NakataEtal1978
TH-179	28.36	130.0	1503	314	-1.0	0.7	0.05	0.05	SugiharaEtal2003,NakataEtal1978
TH-144	28.36	130.0	6538	467	-1.0	8.2	0.5	0.5	SugiharaEtal2003,NakataEtal1978
TH-143	28.36	130.0	6475	470	-1.0	4.9	0.5	0.5	SugiharaEtal2003,NakataEtal1978
TH-142a	28.36	130.0	5411	456	-1.0	4.3	0.5	0.5	SugiharaEtal2003,NakataEtal1978
CK-16	28.36	130.0	4046	438	-1.0	3.0	0.5	0.5	SugiharaEtal2003,KonishiEtal1974
TM-03	28.36	130.0	2570	120	-1.0	1.0	0.05	0.05	SugiharaEtal2003,SasakiEtal1998
AO486	28.36	130.0	49800	1400	-1.0	28.0	1.0	1.0	InagakiEtal2005
AO485	28.36	130.0	40900	1000	-1.0	25.0	1.0	1.0	InagakiEtal2005
AO460	28.36	130.0	41000	1000	-1.0	25.0	1.0	1.0	InagakiEtal2005
A0090	28.36	130.0	46000	10000	-1.0	25.0	1.0	1.0	OmuraEtal2000,OmuraEtal1985
A0247	28.36	130.0	45000	4000	-1.0	25.0	1.0	1.0	OmuraEtal2000,Omura1988
A0354	28.36	130.0	60400	3200	-1.0	40.0	1.0	1.0	OmuraEtal2000
A0446	28.36	130.0	49100	1200	-1.0	18.0	1.0	1.0	OmuraEtal2000
AO009	28.36	130.0	104000	11000	-1.0	180.0	1.0	1.0	InagakiOmura2006,OmuraEtal1985
AO088	28.36	130.0	51000	6000	-1.0	25.0	1.0	1.0	OmuraEtal2000,OmuraEtal1985
AO091	28.36	130.0	51000	8000	-1.0	25.0	1.0	1.0	OmuraEtal2000,OmuraEtal1985
AO092	28.36	130.0	41000	8000	-1.0	20.0	1.0	1.0	OmuraEtal2000,OmuraEtal1985
AO152	28.36	130.0	55000	4000	-1.0	25.0	1.0	1.0	OmuraEtal2000,OmuraEtal1985
AO239	28.36	130.0	126000	12000	-1.0	205.0	1.0	1.0	InagakiOmura2006,Omura1988
AO246	28.36	130.0	103000	9000	-1.0	180.0	1.0	1.0	InagakiOmura2006,Omura1988
AO248	28.36	130.0	347000	71000	-1.0	170.0	1.0	1.0	InagakiOmura2006,Omura1988
AO266	28.36	130.0	121000	9000	-1.0	200.0	1.0	1.0	InagakiOmura2006,Omura1988
AO350	28.36	130.0	58200	3400	-1.0	15.0	1.0	1.0	OmuraEtal2000
AO351	28.36	130.0	67800	4000	-1.0	65.0	1.0	1.0	OmuraEtal2000
AO351 	28.36	130.0	67800	4000	-1.0	65.0	1.0	1.0	SasakiEtal2004
AO417	28.36	130.0	5560	220	-1.0	3.23	0.05	0.05	SugiharaEtal2003,SasakiEtal1998
AO418	28.36	130.0	2850	160	-1.0	1.03	0.05	0.05	SugiharaEtal2003,SasakiEtal1998
AO419	28.36	130.0	6460	260	-1.0	3.71	0.05	0.05	SugiharaEtal2003,SasakiEtal1998
AO432	28.36	130.0	5360	240	-1.0	3.6	0.05	0.05	SugiharaEtal2003,OtaEtal2000
AO435	28.36	130.0	5320	220	-1.0	4.0	0.05	0.05	SugiharaEtal2003,OtaEtal2000
TH-129	28.36	130.0	6585	479	-1.0	7.0	0.5	0.5	SugiharaEtal2003,NakataEtal1978
CK-33	28.36	130.0	7444	385	-1.0	1.0	0.5	0.5	SugiharaEtal2003,KonishiEtal1974
CK-17	28.36	130.0	4017	435	-1.0	5.0	0.5	0.5	SugiharaEtal2003,KonishiEtal1974
DT-05	28.36	130.0	51000	1400	-1.0	32.0	1.0	1.0	OmuraEtal2000
TH-139	28.36	130.0	5496	452	-1.0	1.4	0.5	0.5	SugiharaEtal2003,NakataEtal1978
TH-138	28.36	130.0	1153	323	-1.0	0.7	0.5	0.5	SugiharaEtal2003,NakataEtal1978
TH-137	28.36	130.0	1325	345	-1.0	1.4	0.5	0.5	SugiharaEtal2003,NakataEtal1978
KL-1	28.36	130.0	3840	340	-1.0	3.25	0.5	0.5	SugiharaEtal2003,KonishiEtal1983
KL-13	28.36	130.0	2126	301	-1.0	1.45	0.5	0.5	SugiharaEtal2003,KonishiEtal1983
KL-15	28.36	130.0	3661	320	-1.0	2.45	0.5	0.5	SugiharaEtal2003,KonishiEtal1983
KL-2	28.36	130.0	3458	317	-1.0	2.6	0.5	0.5	SugiharaEtal2003,KonishiEtal1983
KL-3	28.36	130.0	3335	328	-1.0	2.65	0.5	0.5	SugiharaEtal2003,KonishiEtal1983
KL-4	28.36	130.0	3083	296	-1.0	1.55	0.5	0.5	SugiharaEtal2003,KonishiEtal1983
KL-5	28.36	130.0	3280	296	-1.0	2.1	0.5	0.5	SugiharaEtal2003,KonishiEtal1983
TH-140a	28.36	130.0	5743	437	-1.0	1.2	0.5	0.5	SugiharaEtal2003,NakataEtal1978
KM-01	28.36	130.0	61200	1800	-1.0	21.0	1.0	1.0	OmuraEtal2000
KM-02	28.36	130.0	69800	1800	-1.0	20.0	1.0	1.0	OmuraEtal2000
KM-03	28.36	130.0	63800	2200	-1.0	35.0	1.0	1.0	OmuraEtal2000
KM-04	28.36	130.0	66200	1800	-1.0	65.0	1.0	1.0	OmuraEtal2000
KM-04 	28.36	130.0	66200	1800	-1.0	65.0	1.0	1.0	SasakiEtal2004
KM-05	28.36	130.0	67300	1800	-1.0	18.0	1.0	1.0	OmuraEtal2000
KM-05 	28.36	130.0	67600	2000	-1.0	17.0	1.0	1.0	SasakiEtal2004
KM-06	28.36	130.0	65200	3800	-1.0	35.0	1.0	1.0	OmuraEtal2000
KM-13 	28.36	130.0	74900	1800	-1.0	57.0	1.0	1.0	SasakiEtal2004
KM-14 	28.36	130.0	56100	1800	-1.0	23.0	1.0	1.0	SasakiEtal2004
KM-15 	28.36	130.0	62400	1600	0.0	40.5	7.566372975210778	7.566372975210778	SasakiEtal2004
KM-01 	28.36	130.0	61200	1800	-1.0	20.5	1.0	1.0	SasakiEtal2004
TH-141	28.36	130.0	4626	492	-1.0	4.9	0.5	0.5	SugiharaEtal2003,NakataEtal1978
HY-09	28.36	130.0	53200	1400	-1.0	25.0	1.0	1.0	InagakiEtal2005
HY-08	28.36	130.0	49600	1200	-1.0	28.0	1.0	1.0	InagakiEtal2005
DT-06	28.36	130.0	67300	2600	-1.0	65.0	1.0	1.0	OmuraEtal2000
DT-07	28.36	130.0	50800	1600	-1.0	32.0	1.0	1.0	OmuraEtal2000
GaK-452	28.36	130.0	4587	446	-1.0	3.0	0.5	0.5	OtaEtal1978
GaK-453	28.36	130.0	2527	353	-1.0	1.9	0.5	1.2	SugiharaEtal2003,MiiKigoshi1966
GaK-454	28.36	130.0	7117	397	-1.0	6.0	0.5	1.2	SugiharaEtal2003,MiiKigoshi1966
GaK-6315	28.36	130.0	1989	343	-1.0	1.6	0.5	0.5	SugiharaEtal2003,OtaEtal1978
GaK-6316	28.36	130.0	2871	456	-1.0	3.5	0.5	0.5	SugiharaEtal2003,OtaEtal1978
GaK-6639	28.36	130.0	3466	390	-1.0	3.0	0.5	0.5	SugiharaEtal2003,OtaEtal1978
GaK-6640	28.36	130.0	5423	425	-1.0	3.9	0.5	0.5	SugiharaEtal2003,OtaEtal1978
GaK-6730	28.36	130.0	3498	410	-1.0	5.8	0.5	0.5	SugiharaEtal2003,OtaEtal1978
GaK-6731	28.36	130.0	5362	390	-1.0	5.8	0.5	0.5	SugiharaEtal2003,OtaEtal1978
GaK-6732	28.36	130.0	3181	357	-1.0	1.9	0.5	0.5	SugiharaEtal2003,OtaEtal1978
GaK-6733	28.36	130.0	3761	371	-1.0	3.3	0.5	0.5	SugiharaEtal2003,OtaEtal1978
GaK-6734	28.36	130.0	5512	396	-1.0	5.0	0.5	0.5	SugiharaEtal2003,OtaEtal1978
HY-01	28.36	130.0	41600	1000	-1.0	25.0	1.0	1.0	InagakiEtal2005
HY-02	28.36	130.0	46200	1200	-1.0	15.0	1.0	1.0	InagakiEtal2005
HY-03	28.36	130.0	64800	1600	-1.0	28.0	1.0	1.0	InagakiEtal2005
HY-04	28.36	130.0	59500	1600	-1.0	14.0	1.0	1.0	InagakiEtal2005
HY-06	28.36	130.0	41600	1000	-1.0	25.0	1.0	1.0	InagakiEtal2005
HY-07	28.36	130.0	40700	1200	-1.0	25.0	1.0	1.0	InagakiEtal2005
DT-04	28.36	130.0	47300	1400	-1.0	18.0	1.0	1.0	OmuraEtal2000
TH-128	28.36	130.0	6855	471	-1.0	9.0	0.5	0.5	SugiharaEtal2003,NakataEtal1978
