unknown	45.87	-61.74	4132	634	-1.0	-39.5	0.6	0.6	Kranck1972,VacchiEtal2018
unknown	45.87	-61.74	4653	621	-1.0	-15.5	0.6	0.6	Kranck1972,VacchiEtal2018
S-185	46.0	-62.61	7896	380	-1.0	-37.0	0.6	0.6	McCallumWittenberg1965,VacchiEtal2018
unknown	45.87	-61.74	5036	494	-1.0	-15.5	0.6	0.6	Kranck1972,VacchiEtal2018
GX-7537	46.0	-63.76	4941	499	0.0	-12.1	1.0	1.0	ScottEtal1987,VacchiEtal2018
unknown	45.93	-61.81	7880	422	-1.0	-41.5	0.6	0.6	Kranck1972,VacchiEtal2018
unknown	45.87	-61.74	6005	282	0.0	-16.1	0.7	0.7	Kranck1972,VacchiEtal2018
GX-1598	46.21	-61.75	6643	774	-1.0	-54.5	0.6	0.6	Kranck1972,VacchiEtal2018
GX-1603	45.93	-63.35	6021	731	-1.0	-21.5	0.8	0.8	Kranck1972,VacchiEtal2018
GX-1604	45.9	-62.37	12101	796	-1.0	-34.5	0.4	0.4	Kranck1972,VacchiEtal2018
GX-7536	45.89	-63.64	4492	493	0.0	-11.2	1.0	1.0	ScottEtal1987,VacchiEtal2018
GSC-101	46.86	-64.23	14359	562	-1.0	10.0	1.0	1.0	McNeelyBrennan2005,VacchiEtal2018
I(GSC)-23	45.98	-62.87	828	93	1.0	0.0	0.6	0.6	WaltonEtal1961,VacchiEtal2018
GX-5698	46.43	-62.87	1633	328	0.0	-2.7	0.7	0.7	ScottEtal1981,VacchiEtal2018
GX-5702	46.43	-62.87	2171	516	0.0	-3.8	0.7	0.7	ScottEtal1981,VacchiEtal2018
GX-5704	46.23	-63.54	1808	467	0.0	-1.9	0.5	0.5	ScottEtal1981,VacchiEtal2018
DAL-95	46.38	-62.1	3615	350	1.0	-10.0	0.4	0.4	OgdenHart1976,VacchiEtal2018
DAL-27A	46.38	-62.1	842	212	1.0	-0.6	0.4	0.4	OgdenHart1976,VacchiEtal2018
DAL-182	46.38	-62.1	4663	209	1.0	-11.0	0.4	0.4	OgdenHart1976,VacchiEtal2018
GX-5706	46.23	-63.54	3665	625	0.0	-3.0	0.5	0.5	ScottEtal1981,VacchiEtal2018
GX-4651	45.83	-63.55	1423	297	0.0	-1.4	0.7	0.7	ScottEtal1987,VacchiEtal2018
GX-5707	46.15	-62.84	1808	447	0.0	-3.2	0.6	0.6	ScottEtal1981,VacchiEtal2018
GSC-4153	45.7	-62.5	13808	190	1.0	5.0	0.6	0.6	SteaMott1989,VacchiEtal2018
GX-7539	45.95	-63.66	6274	360	0.0	-15.5	1.0	1.0	ScottEtal1987,VacchiEtal2018
GX-6803	46.04	-63.8	4973	511	0.0	-10.2	1.0	1.0	ScottEtal1987,VacchiEtal2018
GX-6802	45.95	-63.71	5204	564	0.0	-14.8	1.0	1.0	ScottEtal1987,VacchiEtal2018
GSC-4156	45.7	-62.28	12406	273	1.0	5.0	0.6	0.6	SteaMott1989,VacchiEtal2018
GX-6055	46.15	-62.84	1451	256	0.0	-1.4	0.6	0.6	ScottEtal1981,VacchiEtal2018
GX-5711	46.64	-64.07	1522	426	0.0	-1.4	0.4	0.4	ScottEtal1981,VacchiEtal2018
GX-5710	46.64	-64.07	3285	506	0.0	-2.1	0.6	0.6	ScottEtal1981,VacchiEtal2018
GX-6059	46.23	-63.54	2999	589	0.0	-2.8	0.6	0.6	ScottEtal1981,VacchiEtal2018
