P-1688	39.052	-75.39	3176	175	0.0	-6.02	0.85	0.85	Belknap1975,EngelhartHorton2012
TEM-148	39.136	-75.403	3736	253	1.0	-5.4828	0.5972	0.5972	RamseBaxter1996,EngelhartHorton2012
TEM-172	39.125	-75.321	2009	287	0.0	-5.175	0.5824	0.5824	Marx1981,EngelhartHorton2012
DC-3_c	39.302	-75.598	1274	240	0.0	-2.71	0.8057	0.8057	RogersPizzuto1994,EngelhartHorton2012
TEM-173	39.18	-75.403	2561	187	0.0	-6.055	0.6001	0.6001	Marx1981,EngelhartHorton2012
Inner_Delaware-1	39.243	-75.584	3819	244	1.0	-1.0846	0.5354	0.5354	RogersPizzuto1994,EngelhartHorton2012
Beta-176159	39.071	-75.431	4386	253	0.0	-6.54	0.8	0.8	LeorriEtal2006,EngelhartHorton2012
GrN-18995	39.251	-75.469	1104	139	0.0	-2.81	0.7919	0.7919	NikitinaEtal2000,EngelhartHorton2012
I-5205	38.886	-75.265	2618	234	0.0	-3.43	0.7927	0.7927	Belknap1975,EngelhartHorton2012
Beta-179205	39.082	-75.445	232	214	1.0	-0.6336	0.5164	0.5164	LeorriEtal2006,EngelhartHorton2012
I-9230	38.905	-75.296	696	132	0.0	-1.36	0.8466	0.8466	Kraft1976,EngelhartHorton2012
Beta-117237	39.243	-75.442	3690	188	0.0	-6.86	0.79	0.79	NikitinaEtal2000,EngelhartHorton2012
Beta-117239	39.246	-75.411	5151	260	0.0	-11.52	0.7949	0.7949	NikitinaEtal2000,EngelhartHorton2012
I-5929	39.177	-75.408	3112	245	1.0	-4.6707	0.6093	0.6093	Belknap1975,EngelhartHorton2012
I-5930	38.922	-75.313	6138	219	0.0	-14.1	1.1509	1.1509	Belknap1975,EngelhartHorton2012
I-5955	39.125	-75.321	4577	258	0.0	-8.31	0.8466	0.8466	Belknap1975,EngelhartHorton2012
I-5994	39.056	-75.394	8627	335	1.0	-20.79	0.65	0.65	Belknap1975,EngelhartHorton2012
I-6589	39.32	-75.483	7714	215	1.0	-13.803	0.627	0.627	Belknap1975,EngelhartHorton2012
I-6674	39.087	-75.228	2262	297	-1.0	-11.4956	0.5156	0.5156	Belknap1975,EngelhartHorton2012
GrN-18993	39.247	-75.469	3998	95	0.0	-6.61	0.7932	0.7932	NikitinaEtal2000,EngelhartHorton2012
I-6675	39.087	-75.228	2449	268	-1.0	-11.6744	0.5144	0.5144	Belknap1975,EngelhartHorton2012
Beta-177401	39.09	-75.458	4183	167	1.0	-7.1283	0.5217	0.5217	LeorriEtal2006,EngelhartHorton2012
Beta-176160	39.073	-75.423	2901	109	0.0	-7.34	0.7958	0.7958	LeorriEtal2006,EngelhartHorton2012
Beta-118800	39.429	-75.457	1684	139	0.0	-3.13	0.7919	0.7919	NikitinaEtal2000,EngelhartHorton2012
Beta-118799	39.253	-75.46	897	162	0.0	-1.51	0.7919	0.7919	NikitinaEtal2000,EngelhartHorton2012
I-9228	38.926	-75.322	1599	189	0.0	-2.37	0.8466	0.8466	Kraft1976,EngelhartHorton2012
I-9229	38.929	-75.319	263	236	1.0	1.0671	0.6071	0.6071	Kraft1976,EngelhartHorton2012
Beta-118802	39.235	-75.436	3030	196	0.0	-5.25	0.79	0.79	NikitinaEtal2000,EngelhartHorton2012
Beta-176158	39.082	-75.44500000000001	4700	139	0.0	-9.14	0.7977	0.7977	LeorriEtal2006,EngelhartHorton2012
GrN-18994	39.251	-75.469	2028	253	0.0	-3.14	0.7919	0.7919	NikitinaEtal2000,EngelhartHorton2012
I-5927	39.056	-75.394	5983	280	0.0	-16.54	0.8633	0.8633	Belknap1975,EngelhartHorton2012
P-1686	39.052	-75.39	1881	132	0.0	-4.5	0.798	0.798	Belknap1975,EngelhartHorton2012
P-1685	39.051	-75.3939	3562	151	0.0	-5.85	0.81	0.81	Belknap1975,EngelhartHorton2012
P-1687	39.049	-75.388	1875	116	0.0	-2.21	0.8466	0.8466	Belknap1975,EngelhartHorton2012
Beta-118803	39.249	-75.469	2063	233	0.0	-2.79	0.7919	0.7919	NikitinaEtal2000,EngelhartHorton2012
GrA-9693	39.247	-75.469	3823	123	0.0	-7.23	0.7932	0.7932	NikitinaEtal2000,EngelhartHorton2012
GrA-9698	39.246	-75.47	3759	113	0.0	-8.54	0.7925	0.7925	NikitinaEtal2000,EngelhartHorton2012
GrA-9719	39.248	-75.469	3577	107	0.0	-5.66	0.79	0.79	NikitinaEtal2000,EngelhartHorton2012
