Hd-20807	79.47	13.9	12992	231	0.0	39.0	2.0	2.0	BrucknerEtal2002,FormanEtal2004
Hd-20806	79.47	13.9	11253	395	0.0	21.7	2.0	2.0	BrucknerEtal2002,FormanEtal2004
T-2918	79.424	13.372	11789	452	-1.0	35.0	1.0	1.0	SalvigsenHogvard2006
Hd-20822	79.47	13.9	11088	315	0.0	21.7	2.0	2.0	BrucknerEtal2002,FormanEtal2004
Hd-20823	79.47	13.9	6883	227	0.0	4.2	2.0	2.0	BrucknerEtal2002,FormanEtal2004
Hd-20824	79.47	13.9	11206	351	0.0	16.0	2.0	2.0	BrucknerEtal2002,FormanEtal2004
T-2837	79.47	13.406	11637	359	0.0	21.5	1.0	1.0	SalvigsenHogvard2006
UtC-10153	79.47	13.9	11983	342	0.0	32.0	2.0	2.0	BrucknerEtal2002,FormanEtal2004
Hd-20867	79.47	13.9	12980	202	0.0	40.0	2.0	2.0	BrucknerEtal2002,FormanEtal2004
Hd-20872	79.47	13.9	10842	288	0.0	10.6	2.0	2.0	BrucknerEtal2002,FormanEtal2004
Hd-20891	79.47	13.9	10914	255	0.0	19.5	2.0	2.0	BrucknerEtal2002,FormanEtal2004
Hd-20946	79.47	13.9	7466	185	0.0	1.0	2.0	2.0	BrucknerEtal2002,FormanEtal2004
Hd-20988	79.47	13.9	12552	258	0.0	33.0	2.0	2.0	BrucknerEtal2002,FormanEtal2004
Hd-20989	79.47	13.9	9983	294	0.0	4.2	2.0	2.0	BrucknerEtal2002,FormanEtal2004
Hd-20993	79.47	13.9	11473	321	0.0	32.0	2.0	2.0	BrucknerEtal2002,FormanEtal2004
Hd-20998	79.47	13.9	11748	348	0.0	29.0	2.0	2.0	BrucknerEtal2002,FormanEtal2004
Hd-21014	79.47	13.9	11203	311	0.0	25.0	2.0	2.0	BrucknerEtal2002,FormanEtal2004
Hd-21035	79.47	13.9	11001	286	0.0	16.8	2.0	2.0	BrucknerEtal2002,FormanEtal2004
Hd-22790	79.47	13.9	11173	343	0.0	21.7	2.0	2.0	BrucknerEtal2002,FormanEtal2004
UtC-10155	79.47	13.9	12326	267	0.0	32.0	2.0	2.0	BrucknerEtal2002,FormanEtal2004
Hd-20789	79.47	13.9	10056	307	0.0	3.5	2.0	2.0	BrucknerEtal2002,FormanEtal2004
Hd-20781	79.47	13.9	13013	230	-1.0	39.9	2.0	2.0	BrucknerEtal2002,FormanEtal2004
HDl571O-15166	79.47	13.406	11036	287	-1.0	10.0	1.0	1.0	SalvigsenHogvard2006
HDl5709-15478	79.47	13.406	11417	301	-1.0	18.0	1.0	1.0	SalvigsenHogvard2006
UtC-10152	79.47	13.9	11072	259	0.0	16.0	2.0	2.0	BrucknerEtal2002,FormanEtal2004
UtC-10147	79.47	13.9	10940	255	0.0	23.2	2.0	2.0	BrucknerEtal2002,FormanEtal2004
UtC-10146	79.47	13.9	11632	317	0.0	33.0	2.0	2.0	BrucknerEtal2002,FormanEtal2004
UtC-10145	79.47	13.9	12914	191	0.0	43.0	2.0	2.0	BrucknerEtal2002,FormanEtal2004
UtC-10144	79.47	13.9	12946	199	0.0	54.2	2.0	2.0	BrucknerEtal2002,FormanEtal2004
UtC-10143	79.47	13.9	13043	222	0.0	43.1	2.0	2.0	BrucknerEtal2002,FormanEtal2004
UtC-10142	79.47	13.9	10814	280	0.0	4.2	2.0	2.0	BrucknerEtal2002,FormanEtal2004
UtC-10141	79.47	13.9	13448	235	0.0	68.5	2.0	2.0	BrucknerEtal2002,FormanEtal2004
UtC-10154	79.47	13.9	11433	252	-1.0	32.0	2.0	2.0	BrucknerEtal2002,FormanEtal2004
UtC-10138	79.47	13.9	10471	253	0.0	10.6	2.0	2.0	BrucknerEtal2002,FormanEtal2004
UtC-10095	79.47	13.9	11120	261	0.0	19.0	2.0	2.0	BrucknerEtal2002,FormanEtal2004
UtC-10089	79.47	13.9	6839	235	0.0	4.2	2.0	2.0	BrucknerEtal2002,FormanEtal2004
UtC-10140	79.47	13.9	10819	267	0.0	6.5	2.0	2.0	BrucknerEtal2002,FormanEtal2004
UtC-10083	79.47	13.9	10976	257	0.0	21.7	2.0	2.0	BrucknerEtal2002,FormanEtal2004
T-12370	79.52	13.207	10544	292	-1.0	1.0	1.0	1.0	SalvigsenHogvard2006
T-12369	79.43	13.734	7495	219	-1.0	1.0	1.0	1.0	SalvigsenHogvard2006
T-12367	79.472	13.395	923	125	0.0	-2.0	1.0	1.0	SalvigsenHogvard2006
UtC-10084	79.47	13.9	10916	252	0.0	19.5	2.0	2.0	BrucknerEtal2002,FormanEtal2004
T-12232	79.432	13.701	10943	288	-1.0	4.0	1.0	1.0	SalvigsenHogvard2006
T-12228	79.438	13.376	1125	155	0.0	-3.0	1.0	1.0	SalvigsenHogvard2006
T-12227	79.483	13.426	10385	274	-1.0	4.0	1.0	1.0	SalvigsenHogvard2006
T-12226	79.477	13.43	11753	413	-1.0	35.0	1.0	1.0	SalvigsenHogvard2006
