AA-27147	53.13	2.4	10304	353	1.0	-38.92	1.4	1.4	ShennanEtal2000a,ShennanEtal2018
AA-27146	53.08	2.42	10307	347	0.0	-41.05	0.87	0.87	ShennanEtal2000a,ShennanEtal2018
AA-27145	52.99	2.43	10132	368	1.0	-39.95	1.4	1.4	ShennanEtal2000a,ShennanEtal2018
AA-27144	52.97	2.43	10075	369	1.0	-39.26	1.4	1.4	ShennanEtal2000a,ShennanEtal2018
UB-36847	52.83	2.47	10007	329	1.0	-42.24	0.88	0.88	Eaton2021,ShennanEtal2018
UB-36848	52.92	2.39	9968	321	1.0	-39.69	0.88	0.88	Eaton2021,ShennanEtal2018
AA-23944	53.05	2.45	10609	375	1.0	-40.15	1.46	1.46	ShennanEtal2000a,ShennanEtal2018
AA-23945	53.05	2.45	13212	257	1.0	-40.59	1.46	1.46	ShennanEtal2000a,ShennanEtal2018
AA-23946	53.34	1.74	9870	314	0.0	-35.12	0.21	0.21	ShennanEtal2000a,ShennanEtal2018
AA-27143	52.97	2.43	10293	332	1.0	-38.85	1.4	1.4	ShennanEtal2000a,ShennanEtal2018
GU-33574	53.27	1.32	8852	233	-1.0	-28.94	2.3	2.3	BrownEtal2018,ShennanEtal2018
UBA-33302	53.27	1.32	11940	533	0.0	-32.43	0.23	0.23	BrownEtal2018,ShennanEtal2018
UB-38646	52.83	2.47	10007	329	1.0	-41.58	0.88	0.88	Eaton2021,ShennanEtal2018
UBA-33301	53.27	1.32	11166	396	0.0	-32.15	0.23	0.23	BrownEtal2018,ShennanEtal2018
UBA-30873	53.27	1.32	12439	381	1.0	-33.91	0.71	0.71	BrownEtal2018,ShennanEtal2018
UBA-30872	53.27	1.32	12495	331	1.0	-33.96	0.71	0.71	BrownEtal2018,ShennanEtal2018
UBA-39469	52.83	2.47	11022	297	1.0	-41.86	0.88	0.88	Eaton2021,ShennanEtal2018
GU-34111	53.27	1.32	7972	187	-1.0	-20.9	2.3	2.3	BrownEtal2018,ShennanEtal2018
UB-38191	53.11	2.91	12881	196	1.0	-37.77	0.88	0.88	Eaton2021,ShennanEtal2018
UBA-39470	52.83	2.47	10917	295	1.0	-42.13	0.88	0.88	Eaton2021,ShennanEtal2018
UB-38189	53.07	2.92	9827	304	1.0	-37.76	0.88	0.88	Eaton2021,ShennanEtal2018
UB-38188	53.01	2.78	9857	299	1.0	-36.08	0.88	0.88	Eaton2021,ShennanEtal2018
UB-36851	52.99	2.48	9901	313	1.0	-39.5	0.88	0.88	Eaton2021,ShennanEtal2018
UB-36850	52.99	2.48	11915	530	1.0	-39.28	0.88	0.88	Eaton2021,ShennanEtal2018
UB-36849	52.92	2.39	13765	258	1.0	-39.99	0.88	0.88	Eaton2021,ShennanEtal2018
UB-38190	53.07	2.92	11570	327	1.0	-38.04	0.88	0.88	Eaton2021,ShennanEtal2018
