G1bis_5-41	40.94	14.03	2174	215	0.0	-1.0099999999999998	0.5	0.5	SacchiEtal2014,VacchiEtal2016
G1bis_3-9	40.94	14.03	157	146	1.0	0.06000000000000005	0.2	0.2	SacchiEtal2014,VacchiEtal2016
Ventotene	40.79	13.43	2000	100	0.0	-1.3	0.2	0.2	LambeckEtal2011,VacchiEtal2016
G1bis_9-113	40.94	14.03	4786	232	0.0	-4.05	1.0	1.0	SacchiEtal2014,VacchiEtal2016
Ponza	40.89	12.96	2000	100	0.0	-1.3	0.2	0.2	LambeckEtal2011,VacchiEtal2016
GU-9698	41.3	13.35	8355	220	1.0	-23.1	0.4	0.4	DevotiEtal2004,VacchiEtal2016
GU-9697	41.3	13.35	8634	269	-1.0	-19.6	0.3	0.3	DevotiEtal2004,VacchiEtal2016
CV-6	40.97	14.0	6292	160	0.0	-6.5	0.6	0.6	BarraEtal1996,VacchiEtal2016
CV-5	40.97	14.0	7498	122	0.0	-7.5	0.6	0.6	BarraEtal1996,VacchiEtal2016
CV-10	40.97	14.0	4527	275	0.0	-2.5	0.6	0.6	BarraEtal1996,VacchiEtal2016
CV-007_B	41.02	13.96	8787	195	0.0	-24.57	1.0	1.0	SacchiEtal2014,VacchiEtal2016
CV-005_A	40.94	14.03	11876	554	1.0	-27.2	0.3	0.3	SacchiEtal2014,VacchiEtal2016
Sarinola	41.25	13.6	2000	100	0.0	-0.93	-0.35000000000000003	-0.35000000000000003	LambeckEtal2011,EvelpidouEtal2012,VacchiEtal2016
GU-9696	41.3	13.35	8098	216	1.0	-15.8	0.3	0.3	DevotiEtal2004,VacchiEtal2016
CV-7	40.97	14.0	5674	220	0.0	-5.5	0.6	0.6	BarraEtal1996,VacchiEtal2016
G1bis_7-84	40.94	14.03	3464	221	0.0	-2.62	1.0	1.0	SacchiEtal2014,VacchiEtal2016
