Poz-13869	60.3067	6.15	9722	165	1.0	29.64	0.39	0.3924818204657574	RomundsetEtal2010,CreelEtal2022
Poz-13870	60.3067	6.15	9749	188	1.0	29.64	0.39	0.3924818204657574	RomundsetEtal2010,CreelEtal2022
Poz-13868	60.3067	6.15	9421	105	1.0	29.64	0.39	0.3924818204657574	RomundsetEtal2010,CreelEtal2022
T-9618A	60.5558	6.89	12896	269	1.0	118.16	1.52	1.521670097905264	HelleEtal1997,CreelEtal2022
Poz-13863	60.3067	6.15	10025	189	0.0	29.99	0.53	0.5294361873543828	RomundsetEtal2010,CreelEtal2022
Poz-13276	60.2733	6.16	7390	80	1.0	32.62	0.39	0.38873052843536504	RomundsetEtal2010,CreelEtal2022
Poz-14618	60.25	6.16	11188	90	1.0	99.63	0.39	0.38617502498838185	RomundsetEtal2010,CreelEtal2022
T-9654A	60.553	6.9	9533	461	1.0	127.56	1.56	1.555587596748264	HelleEtal1997,CreelEtal2022
Poz-14253	60.25	6.16	11099	169	1.0	99.63	0.39	0.38617502498838185	RomundsetEtal2010,CreelEtal2022
Poz-13874	60.3067	6.15	9826	260	0.0	29.99	0.53	0.5294361873543828	RomundsetEtal2010,CreelEtal2022
Poz-14251	60.25	6.15	10975	202	0.0	74.49	0.52	0.5226347347476855	RomundsetEtal2010,CreelEtal2022
Poz-14249	60.25	6.15	11009	196	0.0	74.49	0.52	0.5226347347476855	RomundsetEtal2010,CreelEtal2022
Poz-13876	60.3067	6.15	9994	201	0.0	29.99	0.53	0.5294361873543828	RomundsetEtal2010,CreelEtal2022
Poz-13877	60.3067	6.15	10025	189	0.0	29.99	0.53	0.5294361873543828	RomundsetEtal2010,CreelEtal2022
Poz-14171	60.3067	6.15	11104	267	-1.0	30.0	0.39	0.3924818204657574	RomundsetEtal2010,CreelEtal2022
Poz-14173	60.25	6.15	11564	288	-1.0	74.5	0.39	0.38570246192615276	RomundsetEtal2010,CreelEtal2022
Poz-14174	60.3067	6.15	11288	263	-1.0	30.0	0.39	0.3924818204657574	RomundsetEtal2010,CreelEtal2022
Poz-14175	60.3067	6.15	10776	281	-1.0	30.0	0.39	0.3924818204657574	RomundsetEtal2010,CreelEtal2022
Poz-14246	60.2983	6.16	1486	69	1.0	3.12	0.39	0.3919005912113028	RomundsetEtal2010,CreelEtal2022
Poz-13016	60.2983	6.16	1450	79	1.0	3.12	0.39	0.3919005912113028	RomundsetEtal2010,CreelEtal2022
Poz-13274	60.2733	6.16	2580	145	1.0	32.62	0.39	0.38873052843536504	RomundsetEtal2010,CreelEtal2022
Poz-13275	60.2733	6.16	6519	110	1.0	32.62	0.39	0.38873052843536504	RomundsetEtal2010,CreelEtal2022
T-886	60.461387	7.091777	10999	244	-1.0	18.0	2.26	2.2614832914785032	Rye1969,CreelEtal2022
Poz-13873	60.3067	6.15	9842	263	0.0	29.99	0.53	0.5294361873543828	RomundsetEtal2010,CreelEtal2022
Poz-13872	60.3067	6.15	10013	189	0.0	29.99	0.53	0.5294361873543828	RomundsetEtal2010,CreelEtal2022
Poz-14247	60.25	6.15	10089	156	1.0	74.14	0.39	0.38570246192615276	RomundsetEtal2010,CreelEtal2022
Poz-14248	60.25	6.15	10553	157	0.0	74.49	0.52	0.5226347347476855	RomundsetEtal2010,CreelEtal2022
Poz-14252	60.25	6.15	11233	91	-1.0	74.5	0.39	0.38570246192615276	RomundsetEtal2010,CreelEtal2022
Poz-13015	60.2983	6.16	882	179	1.0	3.12	0.39	0.3919005912113028	RomundsetEtal2010,CreelEtal2022
Poz-8075	60.3083	6.16	5850	90	1.0	16.17	0.39	0.39337128764372337	RomundsetEtal2010,CreelEtal2022
Poz-6412	60.2733	6.16	11987	323	-1.0	33.0	0.39	0.38873052843536504	RomundsetEtal2010,CreelEtal2022
Poz-8078	60.2733	6.16	10337	133	0.0	32.99	0.54	0.535847385608504	RomundsetEtal2010,CreelEtal2022
Tua-2032	60.2595	6.12	11834	554	1.0	99.1	0.4	0.39538167153953657	Helle2006,CreelEtal2022
Poz-8076	60.2983	6.16	1626	78	0.0	3.49	0.54	0.5389226586616834	RomundsetEtal2010,CreelEtal2022
Poz-8074	60.2983	6.16	1841	89	1.0	3.12	0.39	0.3919005912113028	RomundsetEtal2010,CreelEtal2022
Poz-8070	60.3083	6.16	6146	133	1.0	16.17	0.39	0.39337128764372337	RomundsetEtal2010,CreelEtal2022
Poz-7978	60.3083	6.16	11142	271	-1.0	16.55	0.39	0.39337128764372337	RomundsetEtal2010,CreelEtal2022
Poz-7977	60.3083	6.16	10104	148	-1.0	16.55	0.39	0.39337128764372337	RomundsetEtal2010,CreelEtal2022
Poz-8080	60.2733	6.16	9994	201	0.0	32.99	0.54	0.535847385608504	RomundsetEtal2010,CreelEtal2022
Poz-6414	60.2733	6.16	10847	264	-1.0	33.0	0.39	0.38873052843536504	RomundsetEtal2010,CreelEtal2022
T-12593A	60.2634	6.13	10992	574	0.0	81.92	0.51	0.5118171185123658	Helle2006,CreelEtal2022
Poz-8081	60.2733	6.16	9928	228	0.0	32.99	0.54	0.535847385608504	RomundsetEtal2010,CreelEtal2022
Poz-8082	60.2733	6.16	1041	80	1.0	32.62	0.39	0.38873052843536504	RomundsetEtal2010,CreelEtal2022
T-13445A	60.277	6.18	10459	391	1.0	85.18	0.4	0.4005374799931808	Helle2006,CreelEtal2022
T-13447A	60.2763	6.19	11311	548	1.0	88.23	0.4	0.40109414967070567	Helle2006,CreelEtal2022
T-14029	60.2657	6.12	10876	299	0.0	72.82	0.51	0.5073461067938975	Helle2006,CreelEtal2022
Poz-6413	60.2733	6.16	11529	278	-1.0	33.0	0.39	0.38873052843536504	RomundsetEtal2010,CreelEtal2022
Poz-8084	60.2733	6.16	9971	213	0.0	32.99	0.54	0.535847385608504	RomundsetEtal2010,CreelEtal2022
Poz-8085	60.3083	6.16	6158	127	1.0	16.17	0.39	0.39337128764372337	RomundsetEtal2010,CreelEtal2022
Poz-6411	60.2733	6.16	11415	260	-1.0	33.0	0.39	0.38873052843536504	RomundsetEtal2010,CreelEtal2022
Poz-8086	60.3083	6.16	6382	69	0.0	16.54	0.54	0.5403014140408168	RomundsetEtal2010,CreelEtal2022
Poz-8088	60.2733	6.16	9928	228	0.0	32.99	0.54	0.535847385608504	RomundsetEtal2010,CreelEtal2022
Poz-8111	60.2983	6.16	5543	61	-1.0	3.5	0.39	0.3919005912113028	RomundsetEtal2010,CreelEtal2022
Poz-8154	60.2983	6.16	2231	100	1.0	3.12	0.39	0.3919005912113028	RomundsetEtal2010,CreelEtal2022
Poz-6410	60.2733	6.16	10960	245	-1.0	33.0	0.39	0.38873052843536504	RomundsetEtal2010,CreelEtal2022
Poz-6409	60.2733	6.16	11601	294	-1.0	33.0	0.39	0.38873052843536504	RomundsetEtal2010,CreelEtal2022
Poz-6408	60.2733	6.16	10847	264	-1.0	33.0	0.39	0.38873052843536504	RomundsetEtal2010,CreelEtal2022
Poz-8079	60.2733	6.16	1450	79	1.0	32.62	0.39	0.38873052843536504	RomundsetEtal2010,CreelEtal2022
Ua-2586	60.46	6.85	11827	588	1.0	112.46	1.49	1.4929836111218606	HelleEtal1997,CreelEtal2022
