MR-1531	9.15234	98.28666	5310	1040	1.0	2.46	0.53	0.53	ScheffersEtal2012,MannEtal2019
MR-1528	9.15234	98.28666	4645	694	1.0	2.13	0.53	0.53	ScheffersEtal2012,MannEtal2019
TY7	7.75	98.41667	6009	462	-1.0	0.1	0.52	0.52	ScoffinLeTissier1998,MannEtal2019
MR-1524	9.15234	98.28666	4252	756	1.0	1.85	0.53	0.53	ScheffersEtal2012,MannEtal2019
TY9	7.75	98.41667	4777	544	-1.0	0.04	0.52	0.52	ScoffinLeTissier1998,MannEtal2019
TY5	7.75	98.41667	3712	552	-1.0	-0.31	0.52	0.52	ScoffinLeTissier1998,MannEtal2019
TY4	7.75	98.41667	4662	564	-1.0	-0.03	0.52	0.52	ScoffinLeTissier1998,MannEtal2019
UGAMS-8045	9.15234	98.28666	3288	83	1.0	0.7	0.53	0.53	ScheffersEtal2012,MannEtal2019
UGAMS-8050	9.15234	98.28666	3263	85	1.0	-0.2	0.53	0.53	ScheffersEtal2012,MannEtal2019
TY3	7.75	98.41667	4821	544	-1.0	0.0	0.52	0.52	ScoffinLeTissier1998,MannEtal2019
TY2	7.75	98.41667	6695	474	-1.0	0.17	0.52	0.52	ScoffinLeTissier1998,MannEtal2019
TY11	7.75	98.41667	2559	534	-1.0	-0.33	0.52	0.52	ScoffinLeTissier1998,MannEtal2019
MR-1526	9.15234	98.28666	5025	800	1.0	2.09	0.53	0.53	ScheffersEtal2012,MannEtal2019
TY10	7.75	98.41667	3550	550	-1.0	-0.17	0.52	0.52	ScoffinLeTissier1998,MannEtal2019
UGAMS-8051	9.15234	98.28666	2863	70	1.0	0.21	0.53	0.53	ScheffersEtal2012,MannEtal2019
TY8	7.75	98.41667	5521	508	-1.0	0.04	0.52	0.52	ScoffinLeTissier1998,MannEtal2019
MR-0787	9.15234	98.28666	2480	480	1.0	-0.22	0.53	0.53	ScheffersEtal2012,MannEtal2019
MR-0791	9.15234	98.28666	2324	394	1.0	2.22	0.53	0.53	ScheffersEtal2012,MannEtal2019
MR-1512	9.15234	98.28666	5394	1070	1.0	2.63	0.53	0.53	ScheffersEtal2012,MannEtal2019
MR-1514	9.15234	98.28666	4516	908	1.0	2.42	0.53	0.53	ScheffersEtal2012,MannEtal2019
MR-1519	9.15234	98.28666	3028	702	1.0	-0.2	0.53	0.53	ScheffersEtal2012,MannEtal2019
MR-1522	9.15234	98.28666	4416	842	1.0	1.64	0.53	0.53	ScheffersEtal2012,MannEtal2019
TY1	7.75	98.41667	6759	467	-1.0	0.19	0.52	0.52	ScoffinLeTissier1998,MannEtal2019
TY6	7.75	98.41667	2281	521	-1.0	-0.44	0.52	0.52	ScoffinLeTissier1998,MannEtal2019
Beta-298427	8.19188	98.49018	3472	513	0.0	0.802	1.89	1.89	ScheffersEtal2012,MannEtal2019
Beta-298452	7.92364	98.23776	6357	468	-1.0	-0.18	0.53	0.53	ScheffersEtal2012,MannEtal2019
Beta-298454	7.92364	98.23776	4519	549	-1.0	-0.11	0.53	0.53	ScheffersEtal2012,MannEtal2019
Beta-298453	7.92364	98.23776	422	365	-1.0	-0.63	0.53	0.53	ScheffersEtal2012,MannEtal2019
Beta-298451	7.92364	98.23776	425	367	-1.0	-0.26	0.53	0.53	ScheffersEtal2012,MannEtal2019
Beta-298450	7.92364	98.23776	6124	456	-1.0	-0.29	0.53	0.53	ScheffersEtal2012,MannEtal2019
Beta-298449	7.92364	98.23776	699	392	-1.0	-0.32	0.53	0.53	ScheffersEtal2012,MannEtal2019
Beta-298447	7.92364	98.23776	857	386	-1.0	-0.47	0.53	0.53	ScheffersEtal2012,MannEtal2019
Beta-298448	7.92364	98.23776	800	394	-1.0	-0.47	0.53	0.53	ScheffersEtal2012,MannEtal2019
Beta-298445	8.19188	98.49018	2459	501	0.0	0.602	1.89	1.89	ScheffersEtal2012,MannEtal2019
Beta-298444	8.19188	98.49018	1168	426	0.0	-0.398	1.89	1.89	ScheffersEtal2012,MannEtal2019
Beta-298443	8.23769	98.50398	3778	520	0.0	0.383	1.92	1.92	ScheffersEtal2012,MannEtal2019
Beta-298441	8.1995	98.49304	2166	501	0.0	-0.103	1.9	1.9	ScheffersEtal2012,MannEtal2019
Beta-298428	8.19188	98.49018	5682	465	0.0	1.502	1.89	1.89	ScheffersEtal2012,MannEtal2019
Beta-298426	8.19188	98.49018	2446	497	0.0	-0.248	1.89	1.89	ScheffersEtal2012,MannEtal2019
Beta-298446	7.92364	98.23776	6705	460	-1.0	-0.65	0.53	0.53	ScheffersEtal2012,MannEtal2019
