SRR-2309	52.18	-6.37	3775	316	1.0	-1.55	0.55	0.55	Maloney1985,ShennanEtal2018
I-7997	52.2	-6.35	4771	448	1.0	0.5	0.55	0.55	Mitchell1977,ShennanEtal2018
Q-2761	52.36	-6.4	6165	231	0.0	-3.77	0.46	0.46	Sinnott1999,ShennanEtal2018
SRR-2023	52.18	-6.37	2366	336	1.0	0.67	0.55	0.55	Maloney1985,ShennanEtal2018
Q-2763	52.36	-6.42	5920	285	0.0	-5.54	0.46	0.46	Sinnott1999,ShennanEtal2018
Q-2766	52.36	-6.38	6042	268	0.0	-3.61	0.46	0.46	Sinnott1999,ShennanEtal2018
D-119	52.19	-6.83	4503	330	1.0	-1.08	1.1	1.1	Dresser1980,ShennanEtal2018
Q-2762	52.36	-6.42	5990	283	0.0	-3.13	0.46	0.46	Sinnott1999,ShennanEtal2018
Q-2869	52.36	-6.4	6801	327	0.0	-5.35	0.46	0.46	Sinnott1999,ShennanEtal2018
Q-2772	52.52	-6.23	1961	315	0.0	0.01	0.46	0.46	Sinnott1999,ShennanEtal2018
Q-2868	52.36	-6.4	6661	289	0.0	-5.05	0.46	0.46	Sinnott1999,ShennanEtal2018
Q-2867	52.36	-6.42	7304	282	0.0	-7.51	0.3	0.3	Sinnott1999,ShennanEtal2018
Q-2871	52.36	-6.4	7000	295	0.0	-6.33	0.3	0.3	Sinnott1999,ShennanEtal2018
Q-2866	52.36	-6.4	6640	287	0.0	-5.16	0.46	0.46	Sinnott1999,ShennanEtal2018
Q-2880	52.52	-6.23	6042	268	0.0	-3.7	0.83	0.83	Sinnott1999,ShennanEtal2018
UB-2429	52.19	-6.39	5633	292	1.0	-0.5	0.55	0.55	CarterOrford1982,ShennanEtal2018
Q-2870	52.36	-6.4	6873	290	0.0	-5.8	0.46	0.46	Sinnott1999,ShennanEtal2018
