AAR-8892	55.6	8.28	1123	130	0.0	-1.22	0.4	0.4	GehrelsEtal2006
AAR-8050	55.6	8.28	1410	99	0.0	-0.94	0.2	0.2	GehrelsEtal2006
AAR-8048	55.6	8.28	1223	130	0.0	-1.28	0.4	0.4	GehrelsEtal2006
AAR-7074	55.6	8.28	4261	154	0.0	-3.36	0.4	0.4	GehrelsEtal2006
AAR-7073	55.6	8.28	1756	120	0.0	-1.44	0.2	0.2	GehrelsEtal2006
AAR-7072	55.6	8.28	1660	82	0.0	-0.93	0.2	0.2	GehrelsEtal2006
AAR-7071	55.6	8.28	1455	78	0.0	-0.68	0.2	0.2	GehrelsEtal2006
AAR-8052	55.6	8.28	1652	96	0.0	-1.08	0.2	0.2	GehrelsEtal2006
AAR-8053	55.6	8.28	1676	116	0.0	-1.5	0.2	0.2	GehrelsEtal2006
AAR-8049	55.6	8.28	1449	82	0.0	-1.0	0.2	0.2	GehrelsEtal2006
AAR-8054	55.6	8.28	1938	159	0.0	-1.43	0.2	0.2	GehrelsEtal2006
AAR-8055	55.6	8.28	1767	122	0.0	-1.19	0.4	0.4	GehrelsEtal2006
AAR-8051	55.6	8.28	1684	132	0.0	-0.88	0.2	0.2	GehrelsEtal2006
AAR-8057	55.6	8.28	1866	117	0.0	-1.53	0.4	0.4	GehrelsEtal2006
AAR-8891	55.6	8.28	153	111	0.0	-0.24	0.2	0.2	GehrelsEtal2006
AAR-8069	55.6	8.28	2428	282	0.0	-1.92	0.2	0.2	GehrelsEtal2006
AAR-8068	55.57	8.23	1816	97	0.0	-1.25	0.2	0.2	GehrelsEtal2006
AAR-8060	55.6	8.28	3577	116	0.0	-3.47	0.4	0.4	GehrelsEtal2006
AAR-8059	55.6	8.28	3277	104	0.0	-3.29	0.4	0.4	GehrelsEtal2006
AAR-8056	55.6	8.28	1887	113	0.0	-1.36	0.4	0.4	GehrelsEtal2006
