SUERC-45952	54.71	-5.66	8746	240	-1.0	-19.2	5.39	5.39	PletsEtal2019,ShennanEtal2018
SUERC-45951	54.71	-5.66	8942	261	-1.0	-19.0	5.39	5.39	PletsEtal2019,ShennanEtal2018
SUERC-45950	54.71	-5.66	12255	284	-1.0	-40.5	5.39	5.39	PletsEtal2019,ShennanEtal2018
SRR-383	54.27	-5.65	9296	249	1.0	-0.31	1.47	1.47	Wilson1972,HarknessWilson1979,ShennanEtal2018
I-1199	54.33	-5.79	3346	456	1.0	2.01	1.13	1.13	TrautmanWillis1966,ShennanEtal2018
Q-367	54.51	-5.47	10217	530	1.0	-0.69	1.31	1.31	MorrisonStephens1965,ShennanEtal2018
SUERC-45953	54.71	-5.66	11126	252	-1.0	-14.2	5.39	5.39	PletsEtal2019,ShennanEtal2018
Beta-202999	54.71	-5.66	13480	211	-1.0	-26.0	5.39	5.39	PletsEtal2019,ShennanEtal2018
Q-632-3	54.51	-5.65	8493	796	1.0	1.01	1.13	1.13	StephensCollins1960,ShennanEtal2018
Q-371	54.51	-5.47	11892	654	1.0	-0.83	1.31	1.31	MorrisonStephens1965,ShennanEtal2018
Q-368	54.51	-5.47	11952	638	1.0	-0.78	1.31	1.31	MorrisonStephens1965,ShennanEtal2018
Q-360	54.51	-5.47	14241	619	1.0	-2.39	1.31	1.31	MorrisonStephens1965,ShennanEtal2018
Q-366	54.51	-5.47	10734	460	1.0	-0.72	1.31	1.31	MorrisonStephens1965,ShennanEtal2018
I-1198	54.33	-5.79	8036	368	1.0	1.81	1.13	1.13	TrautmanWillis1966,ShennanEtal2018
SUERC-45961	54.71	-5.66	12586	174	-1.0	-14.2	5.39	5.39	PletsEtal2019,ShennanEtal2018
Beta-202998	54.71	-5.66	13468	217	-1.0	-26.0	5.39	5.39	PletsEtal2019,ShennanEtal2018
SUERC-45964	54.71	-5.66	12047	309	-1.0	-19.0	5.39	5.39	PletsEtal2019,ShennanEtal2018
UC-139028	54.71	-5.66	12696	179	-1.0	-14.4	5.39	5.39	PletsEtal2019,ShennanEtal2018
UC-139025	54.71	-5.66	12519	201	-1.0	-14.4	5.39	5.39	PletsEtal2019,ShennanEtal2018
UC-139024	54.71	-5.66	12386	318	-1.0	-19.9	5.39	5.39	PletsEtal2019,ShennanEtal2018
UB-9217	54.71	-5.66	10292	208	-1.0	-25.8	5.39	5.39	PletsEtal2019,ShennanEtal2018
UB-9216	54.71	-5.66	15548	294	-1.0	-26.7	5.39	5.39	PletsEtal2019,ShennanEtal2018
UB-856	54.63	-5.85	11363	494	1.0	-10.18	0.85	0.85	PearsonPilcher1975,ShennanEtal2018
UB-744	54.51	-5.47	8455	133	1.0	0.75	1.31	1.31	SmithEtal1974,ShennanEtal2018
UB-431	54.33	-5.79	7437	253	-1.0	3.02	2.24	2.24	DresserEtal1973,ShennanEtal2018
AA-22820	54.31	-5.52	16506	389	-1.0	5.0	2.61	2.61	McCabeClark1998,ShennanEtal2018
AA-22821	54.31	-5.52	16700	356	-1.0	5.0	2.61	2.61	McCabeClark1998,ShennanEtal2018
SUERC-45962	54.71	-5.66	12125	295	-1.0	-19.2	5.39	5.39	PletsEtal2019,ShennanEtal2018
St-3066	54.6	-5.93	10259	465	1.0	-12.94	0.97	0.97	ManningEtal1970,WelinEtal1971,ShennanEtal2018
SUERC-51635	54.71	-5.66	10460	229	-1.0	-13.4	5.39	5.39	PletsEtal2019,ShennanEtal2018
SUERC-51633	54.71	-5.66	5112	222	-1.0	-11.0	5.39	5.39	PletsEtal2019,ShennanEtal2018
SUERC-51632	54.71	-5.66	7846	179	-1.0	-13.8	5.39	5.39	PletsEtal2019,ShennanEtal2018
SUERC-51631	54.71	-5.66	8737	236	-1.0	-25.8	5.39	5.39	PletsEtal2019,ShennanEtal2018
SUERC-51630	54.71	-5.66	8705	243	-1.0	-25.4	5.39	5.39	PletsEtal2019,ShennanEtal2018
SUERC-51627	54.71	-5.66	8376	190	-1.0	-19.9	5.39	5.39	PletsEtal2019,ShennanEtal2018
SUERC-51626	54.71	-5.66	8712	243	-1.0	-19.6	5.39	5.39	PletsEtal2019,ShennanEtal2018
SUERC-51625	54.71	-5.66	7332	173	-1.0	-19.2	5.39	5.39	PletsEtal2019,ShennanEtal2018
SUERC-48869	54.71	-5.66	12560	175	-1.0	-14.4	5.39	5.39	PletsEtal2019,ShennanEtal2018
SUERC-46370	54.71	-5.66	14927	401	-1.0	-40.6	5.39	5.39	PletsEtal2019,ShennanEtal2018
SUERC-51636	54.71	-5.66	5027	225	-1.0	-10.7	5.39	5.39	PletsEtal2019,ShennanEtal2018
SUERC-51634	54.71	-5.66	11404	246	-1.0	-13.2	5.39	5.39	PletsEtal2019,ShennanEtal2018
Q-635	54.51	-5.65	2353	337	-1.0	4.02	2.24	2.24	StephensCollins1960,ShennanEtal2018
Q-214	54.5	-5.46	9052	425	1.0	0.41	1.31	1.31	MorrisonStephens1960,GodwinWillis1960,ShennanEtal2018
Beta-203000	54.71	-5.66	13123	194	-1.0	-26.0	5.39	5.39	PletsEtal2019,ShennanEtal2018
Beta-203001	54.71	-5.66	13517	213	-1.0	-27.0	5.39	5.39	PletsEtal2019,ShennanEtal2018
LJ-903	54.33	-5.79	7396	643	-1.0	0.72	2.24	2.24	SinghSmith1973,ShennanEtal2018
LJ-904	54.33	-5.79	8641	887	1.0	-0.69	1.13	1.13	SinghSmith1973,ShennanEtal2018
LJ-907	54.33	-5.79	2413	411	-1.0	-0.54	0.31	0.31	SinghSmith1973,ShennanEtal2018
LJ-908	54.33	-5.79	3260	477	-1.0	0.62	1.71	1.71	SinghSmith1973,ShennanEtal2018
UC-139026	54.71	-5.66	12818	185	-1.0	-15.1	5.39	5.39	PletsEtal2019,ShennanEtal2018
UC-139027	54.71	-5.66	12649	171	-1.0	-13.9	5.39	5.39	PletsEtal2019,ShennanEtal2018
AA-21822	54.55	-5.69	15139	362	-1.0	5.0	2.37	2.37	McCabeClark1998,ShennanEtal2018
