SUERC-43546	58.45	-4.48	2059	263	0.0	0.17	0.71	0.71	BarlowEtal2014,ShennanEtal2018
UB-3844	58.54	-4.66	7335	283	0.0	-1.65	0.21	0.21	LongEtal2016,Dawson1999,ShennanEtal2018
SUERC-43541	58.45	-4.48	2038	269	0.0	0.17	0.71	0.71	BarlowEtal2014,ShennanEtal2018
SUERC-39527	58.45	-4.48	1634	239	0.0	0.64	0.71	0.71	BarlowEtal2014,ShennanEtal2018
SUERC-39514	58.45	-4.48	412	231	0.0	0.14	0.73	0.73	BarlowEtal2014,ShennanEtal2018
SUERC-45002	58.45	-4.48	268	248	0.0	0.17	0.73	0.73	BarlowEtal2014,ShennanEtal2018
SUERC-45006	58.45	-4.48	835	184	0.0	0.2	0.73	0.73	BarlowEtal2014,ShennanEtal2018
SUERC-39517	58.45	-4.48	401	232	0.0	0.14	0.73	0.73	BarlowEtal2014,ShennanEtal2018
SUERC-39526	58.45	-4.48	1651	239	0.0	0.64	0.71	0.71	BarlowEtal2014,ShennanEtal2018
SUERC-45007	58.45	-4.48	1077	215	0.0	0.07	0.71	0.71	BarlowEtal2014,ShennanEtal2018
Beta-94750	58.54	-4.66	4843	401	0.0	0.1	0.21	0.21	LongEtal2016,Dawson1999,ShennanEtal2018
UB-3845	58.54	-4.66	6159	238	0.0	-2.04	0.21	0.21	LongEtal2016,Dawson1999,ShennanEtal2018
SUERC-45005	58.45	-4.48	539	177	0.0	0.13	0.71	0.71	BarlowEtal2014,ShennanEtal2018
SUERC-43539	58.45	-4.48	874	181	0.0	0.11	0.71	0.71	BarlowEtal2014,ShennanEtal2018
SUERC-53658	58.45	-4.75	415	226	1.0	0.14	0.34	0.34	LongEtal2016,ShennanEtal2018
Beta-414973	58.47	-4.71	3097	265	0.0	0.36	0.7	0.7	LongEtal2016,ShennanEtal2018
SUERC-53659	58.45	-4.75	1600	229	0.0	-0.52	0.34	0.34	LongEtal2016,ShennanEtal2018
Beta-94749	58.54	-4.66	3869	340	0.0	-0.27	0.21	0.21	LongEtal2016,Dawson1999,ShennanEtal2018
SUERC-53660	58.45	-4.75	7042	258	0.0	-2.3	0.8	0.8	LongEtal2016,ShennanEtal2018
SUERC-53661	58.45	-4.75	5266	305	0.0	-0.39	0.21	0.21	LongEtal2016,ShennanEtal2018
Beta-414972	58.47	-4.71	6166	220	0.0	-0.07	0.7	0.7	LongEtal2016,ShennanEtal2018
SUERC-39525	58.45	-4.48	1654	244	0.0	0.64	0.71	0.71	BarlowEtal2014,ShennanEtal2018
SUERC-39521	58.45	-4.48	1594	229	0.0	0.11	0.71	0.71	BarlowEtal2014,ShennanEtal2018
SUERC-39520	58.45	-4.48	1599	229	0.0	0.11	0.71	0.71	BarlowEtal2014,ShennanEtal2018
SUERC-39519	58.45	-4.48	1597	224	0.0	0.11	0.71	0.71	BarlowEtal2014,ShennanEtal2018
SUERC-39518	58.45	-4.48	414	230	0.0	0.14	0.73	0.73	BarlowEtal2014,ShennanEtal2018
SUERC-43540	58.45	-4.48	1243	222	0.0	0.18	0.71	0.71	BarlowEtal2014,ShennanEtal2018
