AA-33354	45.12	-66.36	2026	129	0.0	-0.6	0.9	0.9	GehrelsEtal2004,VacchiEtal2018
GSC-2777	44.65	-66.82	15409	556	-1.0	7.0	1.0	1.0	RamptonEtal1984,VacchiEtal2018
GSC-2718	44.62	-66.71	3532	70	1.0	-4.0	1.0	1.0	RamptonEtal1984,VacchiEtal2018
AA-33355	45.12	-66.36	1548	146	0.0	-0.2	0.9	0.9	GehrelsEtal2004,VacchiEtal2018
GSC-1674	45.1	-67.05	990	182	1.0	1.5	1.0	1.0	Martindale2020,VacchiEtal2018
GSC-1581	45.1	-67.05	840	154	1.0	1.5	1.0	1.0	Martindale2020,VacchiEtal2018
GSC-1580	45.1	-67.05	538	178	1.0	1.5	1.0	1.0	Martindale2020,VacchiEtal2018
GSC-1452	45.1	-67.05	328	188	1.0	1.5	1.0	1.0	Martindale2020,VacchiEtal2018
GSC-1313	45.18	-66.95	1011	206	1.0	1.0	1.0	1.0	Martindale2020,VacchiEtal2018
GSC-3557	45.23	-66.11	15535	325	-1.0	45.0	2.3	2.3	Blake1984,VacchiEtal2018
GSC-1445	45.1	-67.05	547	177	1.0	1.5	1.0	1.0	Martindale2020,VacchiEtal2018
GSC-795	45.14	-67.13	14376	416	-1.0	18.0	1.0	1.0	RamptonEtal1984,VacchiEtal2018
AA-33356	45.12	-66.36	1018	94	0.0	0.1	0.9	0.9	GehrelsEtal2004,VacchiEtal2018
BGS-1361	44.84	-66.94	14549	893	-1.0	1.0	1.0	1.0	Seaman2004,VacchiEtal2018
BGS-1258	45.12	-66.6	14153	656	-1.0	2.0	1.0	1.0	Miller1990,VacchiEtal2018
AA-33833	45.12	-66.36	12919	152	1.0	-0.8	0.6	0.6	GehrelsEtal2004,VacchiEtal2018
AA-53488	45.12	-66.36	149	133	0.0	-0.1	0.9	0.9	GehrelsEtal2004,VacchiEtal2018
GSC-886	45.21	-67.2	14376	416	-1.0	27.9	1.3	1.3	RamptonEtal1984,VacchiEtal2018
GSC-882	45.1	-66.75	15906	415	-1.0	40.0	2.0	2.0	RamptonEtal1984,VacchiEtal2018
Y-1293	45.1	-67.05	2448	260	1.0	1.0	1.0	1.0	Martindale2020,VacchiEtal2018
AA-53489	45.12	-66.36	914	122	0.0	0.0	0.9	0.9	GehrelsEtal2004,VacchiEtal2018
AA-33353	45.12	-66.36	1811	166	0.0	-1.2	0.9	0.9	GehrelsEtal2004,VacchiEtal2018
AA-33352	45.12	-66.36	2692	169	0.0	-1.4	0.9	0.9	GehrelsEtal2004,VacchiEtal2018
AA-33351	45.12	-66.36	2569	190	0.0	-2.2	0.9	0.9	GehrelsEtal2004,VacchiEtal2018
AA-33350	45.12	-66.36	3219	142	0.0	-3.0	0.9	0.9	GehrelsEtal2004,VacchiEtal2018
TO-1947	45.3	-66.07	13923	284	1.0	50.0	2.5	2.5	SteaMott1998,VacchiEtal2018
GX-12971	45.23	-66.11	14839	677	-1.0	22.5	2.5	2.5	Nicks1991,VacchiEtal2018
GSC-5011	45.32	-66.07	13596	145	1.0	51.0	2.6	2.6	McNeely2005,VacchiEtal2018
