GaK-7901	-32.612	115.647	5950	299	0	-2.1	2.0	2.0	BrownEtal1980,LewisEtal2013
I-10377	-32.612	115.647	5805	297	0	-2.8	2.0	2.0	BrownEtal1980,LewisEtal2013
I-10378	-32.612	115.647	5125	298	0	-1.0	2.0	2.0	BrownEtal1980,LewisEtal2013
GX-12622	-32.518	115.734	7288	505	0	2.2	2.0	2.0	SearleEtal1988,LewisEtal2013
GX-12902	-32.518	115.734	3296	430	0	0.5	2.0	2.0	SearleEtal1988,LewisEtal2013
GX-12626	-32.442	115.76	273	254	0	0.0	2.0	2.0	SearleEtal1988,LewisEtal2013
GX-12627	-32.442	115.76	1389	357	0	0.0	2.0	2.0	SearleEtal1988,LewisEtal2013
GX-12628	-32.442	115.76	2366	476	0	1.0	2.0	2.0	SearleEtal1988,LewisEtal2013
I-11775	-32.408	115.769	3826	314	0	0.9	3.0	3.0	SearleWoods1986,SearleEtal1988,LewisEtal2013
I-11773	-32.398	115.751	509	181	0	0.0	3.0	3.0	SearleWoods1986,SearleEtal1988,LewisEtal2013
I-11962	-32.398	115.751	313	204	0	0.0	3.0	3.0	SearleWoods1986,SearleEtal1988,LewisEtal2013
I-11963	-32.398	115.751	101	93	0	0.0	3.0	3.0	SearleWoods1986,SearleEtal1988,LewisEtal2013
I-11774	-32.383	115.736	1640	250	0	0.3	3.0	3.0	SearleWoods1986,SearleEtal1988,LewisEtal2013
I-11964	-32.368	115.787	4731	330	0	1.6	3.0	3.0	SearleWoods1986,SearleEtal1988,LewisEtal2013
I-12557	-32.368	115.787	5060	276	0	1.6	3.0	3.0	SearleWoods1986,SearleEtal1988,LewisEtal2013
I-11777	-32.367	115.769	5378	282	0	1.75	3.0	3.0	SearleWoods1986,SearleEtal1988,LewisEtal2013
GX-11872	-32.327	115.756	931	317	0	0.0	2.0	2.0	SearleEtal1988,LewisEtal2013
GX-11882	-32.327	115.756	3148	547	0	1.0	3.0	3.0	SearleEtal1988,LewisEtal2013
I-11977	-32.326	115.799	7162	283	0	2.5	3.0	3.0	SearleWoods1986,SearleEtal1988,LewisEtal2013
I-12362	-32.305	115.722	2986	269	0	0.7	3.0	3.0	SearleWoods1986,SearleEtal1988,LewisEtal2013
GX-11585	-32.298	115.727	1779	361	0	0.7	3.0	3.0	SearleWoods1986,SearleEtal1988,LewisEtal2013
GX-11586	-32.293	115.732	3856	644	0	0.95	3.0	3.0	SearleWoods1986,SearleEtal1988,LewisEtal2013
GX-12022	-32.288	115.716	2433	566	0	1.9	3.0	3.0	SearleEtal1988,LewisEtal2013
GX-12023	-32.288	115.716	4099	659	0	1.5	3.0	3.0	SearleEtal1988,LewisEtal2013
I-11979	-32.277	115.765	6159	285	0	1.9	3.0	3.0	SearleWoods1986,SearleEtal1988,LewisEtal2013
Wk-12790	-32.275	115.713	1085	172	0	1.3	0.5	0.5	BakerEtal2005,LewisEtal2013
GX-11587	-32.275	115.779	6013	431	0	2.4	3.0	3.0	SearleEtal1988,LewisEtal2013
I-11978	-32.275	115.779	6397	294	0	2.4	3.0	3.0	SearleWoods1986,SearleEtal1988,LewisEtal2013
Y-324	-32.271	115.687	5828	329	0	3.0	2.0	2.0	DeeveyEtal1959,LewisEtal2013
Tx-33	-32.033	115.767	3335	649	0	3.0	5.0	5.0	TamersEtal1964,LewisEtal2013
SUA-339	-32.021	115.815	4595	298	0	0.15	2.0	2.0	GillespieTemple1976,LewisEtal2013
SUA-340	-32.021	115.815	5727	281	0	-0.25	2.0	2.0	GillespieTemple1976,LewisEtal2013
SUA-341	-32.021	115.815	6256	291	0	-0.7	2.0	2.0	GillespieTemple1976,LewisEtal2013
Beta-132356	-32.004	115.525	5696	361	0	2.2	0.25	0.25	BakerEtal2005,LewisEtal2013
Beta-132357	-32.004	115.525	1165	209	0	0.5	0.25	0.25	BakerEtal2005,LewisEtal2013
Wk8372	-32.004	115.525	5891	220	0	2.2	0.25	0.25	BakerEtal2001,BakerEtal2005,LewisEtal2013
Beta-132361	-32.003	115.537	1385	182	0	0.7	0.25	0.25	BakerEtal2005,LewisEtal2013
Y-333	-32.003	115.537	5889	280	0	1.5	0.25	0.25	DeeveyEtal1959,LewisEtal2013
Beta-132362	-32.001	115.528	1108	184	0	0.8	0.25	0.25	BakerEtal2001,BakerEtal2005,LewisEtal2013
Wk8493	-32.001	115.528	5042	214	0	1.9	0.25	0.25	BakerEtal2001,BakerEtal2005,LewisEtal2013
Tx-34	-32.0	115.5	5640	393	0	0.765	2.0	2.0	TamersEtal1964,LewisEtal2013
Tx-35	-32.0	115.5	6425	510	0	0.84	2.0	2.0	TamersEtal1964,LewisEtal2013
WAIT-113	-32.0	115.53	6283	663	0	1.5	0.25	0.25	Playford1988,LewisEtal2013
WAIT-122	-32.0	115.54	3424	803	0	0.1	2.0	2.0	Playford1988,LewisEtal2013
WAIT-78	-32.0	115.54	2844	475	0	0.775	2.0	2.0	Playford1988,LewisEtal2013
WAIT-79	-32.0	115.54	2953	565	0	1.225	2.0	2.0	Playford1988,LewisEtal2013
WAIT-123	-32.0	115.55	7062	740	0	0.1	2.0	2.0	Playford1988,LewisEtal2013
Beta-132358	-31.997	115.528	3518	384	0	1.9	0.25	0.25	BakerEtal2005,LewisEtal2013
Beta-132359	-31.997	115.528	3491	363	0	1.9	0.25	0.25	BakerEtal2001,LewisEtal2013
Beta-132360	-31.997	115.528	1492	229	0	0.6	0.25	0.25	BakerEtal2001,BakerEtal2005,LewisEtal2013
Y-337	-31.996	115.519	4233	306	0	2.5	2.0	2.0	DeeveyEtal1959,LewisEtal2013
SUA-1902	-31.99	115.52	6778	307	0	-0.21	2.0	2.0	Playford1988,LewisEtal2013
SUA-1903	-31.99	115.52	5572	263	0	0.79	2.0	2.0	Playford1988,LewisEtal2013
SUA-1904	-31.99	115.52	3052	268	0	1.14	2.0	2.0	Playford1988,LewisEtal2013
WAIT-114	-31.99	115.52	3558	639	0	1.565	2.0	2.0	Playford1988,LewisEtal2013
WAIT-115	-31.99	115.52	6447	648	0	0.84	2.0	2.0	Playford1988,LewisEtal2013
WAIT-80	-31.99	115.52	2894	535	0	0.56	2.0	2.0	Playford1988,LewisEtal2013
WAIT-81	-31.99	115.52	6316	986	0	1.065	2.0	2.0	Playford1988,LewisEtal2013
WAIT-82	-31.99	115.52	7087	499	0	0.315	2.0	2.0	Playford1988,LewisEtal2013
WAIT-83	-31.99	115.52	6179	634	0	0.765	2.0	2.0	Playford1988,LewisEtal2013
WAIT-84	-31.99	115.52	3980	858	0	1.14	2.0	2.0	Playford1988,LewisEtal2013
Wk-8373	-31.99	115.529	873	179	0	0.5	0.25	0.25	BakerEtal2005,LewisEtal2013
GaK-2874	-31.9	115.967	7454	274	0	-3.7	5.0	5.0	KigoshiEtal1973,Kendrick1977,LewisEtal2013
