SUA-2926	-39.95	143.86	4560	0	1	3.0	1.0	1.0	MurrayWallaceGoede1995,Morrison2019
SUA-2927	-39.893	143.846	790	0	1	-1.3	1.0	1.0	MurrayWallaceGoede1995,Morrison2019
ANU-377	-17.625	123.444	6980	287	0	-1.15	5.0	5.0	Jennings1975,LewisEtal2013
ANU-378	-17.621	123.423	6822	442	0	-1.15	5.0	5.0	Jennings1975,LewisEtal2013
GaK-2020	-17.473	123.699	6630	267	0	-1.15	5.0	5.0	Jennings1975,LewisEtal2013
GaK-019	-17.469	123.651	6889	341	0	-1.15	5.0	5.0	Jennings1975,LewisEtal2013
GaK-201	-17.468	123.619	6987	432	0	-1.15	5.0	5.0	Jennings1975,LewisEtal2013
ANU-1075	-17.429	123.581	7434	144	0	-1.15	5.0	5.0	Jennings1975,LewisEtal2013
GaK-3840	-17.033	123.587	809	131	0	0.0	5.0	5.0	Jennings1975,LewisEtal2013
GaK-3842	-17.033	123.587	1090	172	0	0.0	5.0	5.0	Jennings1975,LewisEtal2013
GaK-3843	-17.033	123.587	483	151	0	0.0	5.0	5.0	Jennings1975,LewisEtal2013
