GX-15830	38.756	-75.117	4291	540	0.0	-8.375	0.5864	0.5864	FletcherEtal1993,EngelhartHorton2012
GX-15829	38.756	-75.117	3972	118	0.0	-7.675	0.5855	0.5855	FletcherEtal1993,EngelhartHorton2012
I-4353	38.802	-75.204	1991	286	0.0	-3.905	0.8056	0.8056	Belknap1975,EngelhartHorton2012
GX-16223	38.755	-75.11611	3807	538	0.0	-4.925	0.5829	0.5829	FletcherEtal1993,EngelhartHorton2012
GX-15837	38.754	-75.116	4736	237	0.0	-9.075	0.5874	0.5874	FletcherEtal1993,EngelhartHorton2012
GX-15836	38.754	-75.11556	4249	507	0.0	-8.075000000000001	0.5861	0.5861	FletcherEtal1993,EngelhartHorton2012
I-5206	38.789	-75.159	287	235	1.0	-0.177	0.593	0.593	Belknap1975,EngelhartHorton2012
R-4114	38.645	-75.072	4215	497	0.0	-6.395	0.6619	0.6619	Belknap1975,EngelhartHorton2012
GX-15835	38.754	-75.11556	2138	536	0.0	-3.975	0.5826	0.5826	FletcherEtal1993,EngelhartHorton2012
GX-15831	38.756	-75.117	4304	501	0.0	-8.975	0.5873	0.5873	FletcherEtal1993,EngelhartHorton2012
GX-16221	38.754	-75.12027999999998	1861	426	0.0	-4.045	0.5826	0.5826	FletcherEtal1993,EngelhartHorton2012
I-4799	38.781	-75.174	2632	243	1.0	-4.076	0.594	0.594	Belknap1975,EngelhartHorton2012
R-4114_b	38.645	-75.072	4341	474	0.0	-5.905	0.7568	0.7568	Belknap1975,EngelhartHorton2012
R-4114_a	38.645	-75.072	3872	421	0.0	-5.775	0.7095	0.7095	Belknap1975,EngelhartHorton2012
R-4113	38.637	-75.069	3348	439	0.0	-4.575	0.7182	0.7182	Belknap1975,EngelhartHorton2012
GX-15833	38.756	-75.117	5047	467	0.0	-9.775	0.5885	0.5885	FletcherEtal1993,EngelhartHorton2012
I-5204	38.649	-75.021	8311	268	0.0	-20.1855	0.7195	0.7195	Belknap1975,EngelhartHorton2012
R-4104_d	38.756	-75.082	2658	473	-1.0	-8.4314	0.8014	0.8014	Belknap1975,EngelhartHorton2012
GX-16222	38.754	-75.12027999999998	3493	461	0.0	-5.955	0.5826	0.5826	FletcherEtal1993,EngelhartHorton2012
GX-16219	38.753	-75.119	4022	565	0.0	-7.375	0.5826	0.5826	FletcherEtal1993,EngelhartHorton2012
R-4104_a	38.756	-75.082	1423	466	-1.0	-7.3176	0.5976	0.5976	Belknap1975,EngelhartHorton2012
R-4103	38.785	-75.094	7926	405	0.0	-19.455	0.7728	0.7728	Belknap1975,EngelhartHorton2012
Beta-5157	38.663	-75.058	3028	265	-1.0	-8.9131	0.5331	0.5331	RamseBaxter1996,EngelhartHorton2012
GX-16218	38.753	-75.119	3813	480	0.0	-7.305	0.5826	0.5826	FletcherEtal1993,EngelhartHorton2012
GX-16220	38.754	-75.12027999999998	1956	585	0.0	-2.395	0.6518	0.6518	FletcherEtal1993,EngelhartHorton2012
GX-16217	38.753	-75.119	3361	491	0.0	-7.005	0.5826	0.5826	FletcherEtal1993,EngelhartHorton2012
GX-16216	38.753	-75.119	3435	511	0.0	-6.675	0.5826	0.5826	FletcherEtal1993,EngelhartHorton2012
GX-15838	38.754	-75.116	4987	291	1.0	-7.9811	0.5389	0.5389	FletcherEtal1993,EngelhartHorton2012
GX-16215	38.753	-75.119	3149	423	0.0	-6.375	0.5826	0.5826	FletcherEtal1993,EngelhartHorton2012
Beta-5154	38.783	-75.078	7235	305	0.0	-16.515	0.6441	0.6441	RamseBaxter1996,EngelhartHorton2012
R-4101_c	38.669	-75.068	7049	413	0.0	-13.675	0.6703	0.6703	Belknap1975,EngelhartHorton2012
R-4101_a	38.669	-75.068	275	251	0.0	-0.995	0.7181	0.7181	Belknap1975,EngelhartHorton2012
R-4100	38.669	-75.07	1671	366	-1.0	-6.83	0.59	0.59	Belknap1975,EngelhartHorton2012
R-4100_a	38.669	-75.07	326	292	0.0	-0.8	0.6291	0.6291	Belknap1975,EngelhartHorton2012
I-8119	38.76	-75.1	866	166	0.0	-1.895	0.8054	0.8054	Belknap1975,EngelhartHorton2012
I-8118	38.67	-75.13	669	120	0.0	-0.955	0.6379	0.6379	Belknap1975,EngelhartHorton2012
GX-16224	38.755	-75.116	5460	599	1.0	-8.8796	0.5404	0.5404	FletcherEtal1993,EngelhartHorton2012
GX-16214	38.753	-75.11917	1729	343	0.0	-4.325	0.5826	0.5826	FletcherEtal1993,EngelhartHorton2012
I-4625	38.778	-75.174	2398	303	0.0	-5.065	0.8061	0.8061	Belknap1975,EngelhartHorton2012
R-4101	38.669	-75.068	2194	494	-1.0	-6.8564	0.5964	0.5964	Belknap1975,EngelhartHorton2012
R-4100_b	38.669	-75.07	5555	462	0.0	-9.225	0.7262	0.7262	Belknap1975,EngelhartHorton2012
TEM-157	38.761	-75.096	908	228	0.0	-1.545	0.7624	0.7624	RamseBaxter1996,EngelhartHorton2012
TEM-160	38.764	-75.097	1097	171	0.0	-1.935	0.7624	0.7624	RamseBaxter1996,EngelhartHorton2012
TEM-161	38.764	-75.097	1029	216	0.0	-1.475	0.7624	0.7624	RamseBaxter1996,EngelhartHorton2012
TEM-162	38.764	-75.098	869	172	0.0	-1.145	0.7624	0.7624	RamseBaxter1996,EngelhartHorton2012
TEM-163	38.764	-75.098	721	149	0.0	-1.725	0.7624	0.7624	RamseBaxter1996,EngelhartHorton2012
TEM-164	38.765	-75.099	700	161	0.0	-1.325	0.7624	0.7624	RamseBaxter1996,EngelhartHorton2012
TEM-165	38.768	-75.106	730	151	0.0	-1.785	0.7624	0.7624	RamseBaxter1996,EngelhartHorton2012
TEM-158	38.764	-75.097	255	225	0.0	-0.935	0.7624	0.7624	RamseBaxter1996,EngelhartHorton2012
Beta-118807	38.672	-75.134	858	98	0.0	-1.515	0.6528	0.6528	NikitinaEtal2000,EngelhartHorton2012
Beta-118808	38.672	-75.134	219	201	0.0	-0.795	0.6528	0.6528	NikitinaEtal2000,EngelhartHorton2012
Beta-14681	38.786	-75.172	149	127	0.0	-0.795	0.7491	0.7491	RamseBaxter1996,EngelhartHorton2012
Beta-14682	38.786	-75.172	884	174	0.0	-1.045	0.7491	0.7491	RamseBaxter1996,EngelhartHorton2012
Beta-14683	38.786	-75.171	636	91	0.0	-1.195	0.7491	0.7491	RamseBaxter1996,EngelhartHorton2012
Beta-14684	38.785	-75.171	851	150	0.0	-1.375	0.7491	0.7491	RamseBaxter1996,EngelhartHorton2012
Beta-14685	38.785	-75.171	1097	171	0.0	-1.285	0.7491	0.7491	RamseBaxter1996,EngelhartHorton2012
TEM-166	38.768	-75.106	936	240	0.0	-1.265	0.7624	0.7624	RamseBaxter1996,EngelhartHorton2012
Beta-14686	38.785	-75.171	1267	108	0.0	-1.465	0.7491	0.7491	RamseBaxter1996,EngelhartHorton2012
Beta-14687	38.785	-75.171	1546	156	0.0	-1.745	0.7491	0.7491	RamseBaxter1996,EngelhartHorton2012
BETA-5158	38.663	-75.05	7111	217	1.0	-10.8572	0.5128	0.5128	RamseBaxter1996,EngelhartHorton2012
