SRR-2120	56.73	-2.49	7946	244	0.0	2.03	2.0	2.0	SmithEtal1985,ShennanEtal2018
SRR-1148	56.7	-2.53	7584	211	0.0	4.09	0.21	0.21	SmithEtal1980,ShennanEtal2018
SRR-1149	56.7	-2.53	7928	230	0.0	3.62	0.21	0.21	SmithEtal1980,ShennanEtal2018
SRR-2119	56.73	-2.49	7716	222	0.0	2.63	0.21	0.21	SmithEtal1985,ShennanEtal2018
CAMS-111596	56.65	-2.5	21157	303	-1.0	14.82	2.94	2.94	McCabeEtal2007,ShennanEtal2018
Birm-823	56.7	-2.53	7994	312	0.0	2.62	0.55	0.55	SmithEtal1985,SmithEtal1980,ShennanEtal2018
Birm-867	56.7	-2.53	7741	258	0.0	2.8	2.0	2.0	SmithEtal1985,SmithEtal1980,ShennanEtal2018
CAMS-111597	56.65	-2.5	20350	276	-1.0	14.82	2.94	2.94	McCabeEtal2007,ShennanEtal2018
AA-68681	56.73	-2.48	14190	407	-1.0	9.82	2.15	2.15	McCabeEtal2007,ShennanEtal2018
SRR-869	56.7	-2.52	8156	234	0.0	1.75	0.21	0.21	SmithEtal1980,ShennanEtal2018
