TO-NW-34a	-18.337	119.895	12740	280	0.0	-123.0	10.0	1.0	JamesEtal2004,LewisEtal2013
TO-NW-34b	-18.337	119.895	13736	355	0.0	-123.0	10.0	1.0	JamesEtal2004,LewisEtal2013
TO-NW-34c	-18.337	119.895	14466	470	0.0	-123.0	10.0	1.0	JamesEtal2004,LewisEtal2013
TO-NW-35a	-18.337	119.895	13951	433	0.0	-108.0	10.0	1.0	JamesEtal2004,LewisEtal2013
Beta-NW-33	-18.098	119.713	9846	320	0.0	-148.0	10.0	1.0	JamesEtal2004,LewisEtal2013
TO-NW-64b	-17.035	117.953	14532	471	0.0	-124.0	10.0	1.0	JamesEtal2004,LewisEtal2013
TO-NW-35c	-18.41	119.952	15479	446	0.0	-108.0	10.0	1.0	JamesEtal2004,LewisEtal2013
TO-NW-64c	-17.035	117.953	15581	417	0.0	-124.0	10.0	1.0	JamesEtal2004,LewisEtal2013
TO-NW-35b	-18.41	119.952	15239	444	0.0	-108.0	10.0	1.0	JamesEtal2004,LewisEtal2013
TO-NW-64a	-17.035	117.953	13628	350	0.0	-124.0	10.0	1.0	JamesEtal2004,LewisEtal2013
