K-2385	71.717	-24.717	9729	408	-1.0	51.0	10.0	10.0	Street1977,Hjort1979
K-1915	71.35	-24.833	11395	505	-1.0	100.0	10.0	10.0	Funder1972,Funder1978,Hjort1979
K-1915	71.35	-24.833	11399	448	-1.0	89.5	1.5	1.5	Funder1978,FunderHansen1996
K-2386	71.717	-24.717	9609	438	-1.0	85.0	10.0	10.0	Street1977
K-1915	71.35	-24.833	11399	448	-1.0	97.0	10.0	10.0	Weidick1972a
OS-65399	71.51	-24.5	10638	330	-1.0	59.0	5.0	5.0	HallEtal2010
OS-55609	71.671	-24.467	9765	282	-1.0	60.0	5.0	5.0	HallEtal2008,HallEtal2010
OS-55611	71.695	-24.369	10209	297	-1.0	59.0	5.0	5.0	HallEtal2008,HallEtal2010
OS-55612	71.66	-24.358	9779	285	0.0	81.0	5.0	5.0	HallEtal2008,HallEtal2010
OS-55613	71.655	-24.348	9860	286	0.0	61.0	5.0	5.0	HallEtal2008,HallEtal2010
OS-55614	71.574	-24.324	9455	247	-1.0	43.0	5.0	5.0	HallEtal2008,HallEtal2010
OS-55724	71.652	-24.466	10137	308	-1.0	72.0	5.0	5.0	HallEtal2008,HallEtal2010
OS-55725	71.647	-24.458	9878	285	-1.0	74.0	5.0	5.0	HallEtal2008,HallEtal2010
OS-55728	71.688	-24.368	10121	279	-1.0	66.0	5.0	5.0	HallEtal2008,HallEtal2010
OS-55729	71.663	-24.361	10465	252	-1.0	70.0	5.0	5.0	HallEtal2008,HallEtal2010
OS-55730	71.66	-24.358	9588	279	-1.0	50.0	5.0	5.0	HallEtal2008,HallEtal2010
OS-55731	71.619	-24.331	9816	283	0.0	52.0	5.0	5.0	HallEtal2008,HallEtal2010
OS-55732	71.597	-24.319	10468	262	0.0	67.0	5.0	5.0	HallEtal2008,HallEtal2010
OS-55733	71.593	-24.332	8373	217	-1.0	32.0	5.0	5.0	HallEtal2010
OS-55734	71.522	-24.342	8899	283	-1.0	29.0	5.0	5.0	HallEtal2010
OS-55735	71.574	-24.324	9708	267	0.0	72.0	5.0	5.0	HallEtal2008,HallEtal2010
OS-55736	71.567	-24.325	10271	273	-1.0	66.0	5.0	5.0	HallEtal2008,HallEtal2010
OS-55737	71.56	-24.326	9673	275	-1.0	58.0	5.0	5.0	HallEtal2008,HallEtal2010
OS-58249	71.483	-24.496	10079	279	0.0	69.0	5.0	5.0	HallEtal2010
OS-58250	71.478	-24.509	10590	311	-1.0	83.0	5.0	5.0	HallEtal2010
OS-58327	71.455	-24.495	9140	246	0.0	40.0	5.0	5.0	HallEtal2010
OS-58509	71.556	-24.47	10601	315	-1.0	84.0	5.0	5.0	HallEtal2010
OS-58607	71.455	-24.502	10093	278	-1.0	78.0	5.0	5.0	HallEtal2010
OS-58609	71.554	-24.474	10433	253	-1.0	71.0	5.0	5.0	HallEtal2010
OS-58674	71.51	-24.5	9982	272	0.0	75.0	5.0	5.0	HallEtal2010
OS-58704	71.456	-24.494	8656	260	-1.0	52.0	5.0	5.0	HallEtal2010
OS-58705	71.459	-24.497	9867	285	-1.0	64.0	5.0	5.0	HallEtal2010
OS-51760	71.297	-24.531	9816	283	-1.0	27.0	5.0	5.0	HallEtal2010
OS-58735	71.455	-24.501	10256	267	-1.0	78.0	5.0	5.0	HallEtal2010
OS-51765	71.518	-24.334	10688	333	0.0	78.0	5.0	5.0	HallEtal2010
OS-51766	71.526	-24.343	9623	264	0.0	58.0	5.0	5.0	HallEtal2010
OS-51770	71.282	-24.54	10169	296	-1.0	32.0	5.0	5.0	HallEtal2010
OS-51774	71.505	-24.342	10142	302	0.0	67.0	5.0	5.0	HallEtal2010
OS-51775	71.297	-24.531	8951	299	0.0	37.0	5.0	5.0	HallEtal2010
OS-51776	71.297	-24.531	8891	281	-1.0	10.0	5.0	5.0	HallEtal2010
OS-51845	71.505	-24.342	10028	278	0.0	67.0	5.0	5.0	HallEtal2010
OS-51846	71.501	-24.348	9287	230	0.0	58.0	5.0	5.0	HallEtal2010
OS-51847	71.297	-24.531	8928	304	-1.0	12.0	5.0	5.0	HallEtal2010
OS-51874	71.446	-24.384	10817	285	0.0	73.0	5.0	5.0	HallEtal2010
OS-51875	71.284	-24.553	7613	190	-1.0	3.0	5.0	5.0	HallEtal2010
OS-51882	71.668	-24.365	9937	283	0.0	73.0	5.0	5.0	HallEtal2008,HallEtal2010
OS-51883	71.452	-24.397	9585	250	-1.0	13.0	5.0	5.0	HallEtal2010
OS-51884	71.448	-24.394	10199	273	-1.0	35.0	5.0	5.0	HallEtal2010
OS-51885	71.316	-24.653	8673	257	-1.0	8.0	5.0	5.0	HallEtal2010
OS-52112	71.446	-24.384	10510	290	0.0	73.0	5.0	5.0	HallEtal2010
OS-52956	71.593	-24.327	10312	274	0.0	61.0	5.0	5.0	HallEtal2008,HallEtal2010
OS-52957	71.524	-24.336	9795	283	-1.0	70.0	5.0	5.0	HallEtal2010
OS-52962	71.522	-24.342	9652	265	-1.0	32.0	5.0	5.0	HallEtal2010
OS-52963	71.567	-24.325	10417	245	0.0	75.0	5.0	5.0	HallEtal2008,HallEtal2010
OS-52964	71.557	-24.326	10873	281	0.0	89.0	5.0	5.0	HallEtal2008,HallEtal2010
OS-52966	71.542	-24.329	10136	295	-1.0	73.0	5.0	5.0	HallEtal2010
OS-52967	71.518	-24.334	10396	274	0.0	72.0	5.0	5.0	HallEtal2010
OS-52968	71.448	-24.394	9174	236	-1.0	32.0	5.0	5.0	HallEtal2010
OS-52969	71.297	-24.531	7136	228	-1.0	10.0	5.0	5.0	HallEtal2010
OS-51767	71.297	-24.531	9294	237	-1.0	12.0	5.0	5.0	HallEtal2010
OS-52970	71.448	-24.394	10351	249	0.0	74.0	5.0	5.0	HallEtal2010
OS-55610	71.652	-24.466	9954	281	-1.0	76.0	5.0	5.0	HallEtal2008,HallEtal2010
OS-51769	71.287	-24.54	8349	228	0.0	33.0	5.0	5.0	HallEtal2010
OS-62849	71.51	-24.5	9936	280	0.0	75.0	5.0	5.0	HallEtal2010
OS-62851	71.557	-24.469	9936	280	-1.0	76.0	5.0	5.0	HallEtal2010
OS-64765	71.685	-24.364	9706	259	0.0	61.0	5.0	5.0	HallEtal2010
OS-64766	71.66	-24.358	10176	273	-1.0	69.0	5.0	5.0	HallEtal2010
OS-64843	71.685	-24.364	9733	268	-1.0	58.0	5.0	5.0	HallEtal2010
OS-64844	71.448	-24.488	8094	214	-1.0	27.0	5.0	5.0	HallEtal2010
OS-64844	71.316	-24.653	8094	214	-1.0	3.0	5.0	5.0	HallEtal2010
OS-64845	71.685	-24.364	9646	245	0.0	66.0	5.0	5.0	HallEtal2010
OS-64849	71.63	-24.462	9931	273	-1.0	48.0	5.0	5.0	HallEtal2010
OS-65398	71.556	-24.46	10982	268	-1.0	60.0	5.0	5.0	HallEtal2010
OS-62850	71.455	-24.495	9472	251	0.0	57.0	5.0	5.0	HallEtal2010
OS-65405	71.557	-24.475	15572	320	-1.0	76.0	5.0	5.0	HallEtal2010
OS-65406	71.562	-24.472	9977	263	-1.0	81.0	5.0	5.0	HallEtal2010
OS-65435	71.503	-24.509	11238	313	-1.0	49.0	5.0	5.0	HallEtal2010
OS-65436	71.49	-24.507	9845	281	-1.0	84.0	5.0	5.0	HallEtal2010
OS-65437	71.455	-24.495	8928	304	-1.0	34.0	5.0	5.0	HallEtal2010
OS-65438	71.574	-24.456	8732	286	-1.0	47.0	5.0	5.0	HallEtal2010
OS-64764	71.453	-24.494	8886	267	0.0	49.0	5.0	5.0	HallEtal2010
OS-64762	71.45	-24.492	8446	232	-1.0	34.0	5.0	5.0	HallEtal2010
OS-65401	71.51	-24.5	10200	284	-1.0	70.0	5.0	5.0	HallEtal2010
OS-51759	71.501	-24.348	9316	224	-1.0	34.0	5.0	5.0	HallEtal2010
OS-64760	71.685	-24.364	9706	259	-1.0	70.0	5.0	5.0	HallEtal2010
OS-51716	71.458	-24.392	10079	295	-1.0	35.0	5.0	5.0	HallEtal2010
OS-51568	71.629	-24.329	10434	249	0.0	63.0	5.0	5.0	HallEtal2008,HallEtal2010
OS-62855	71.51	-24.5	10010	277	0.0	75.0	5.0	5.0	HallEtal2010
OS-62985	71.454	-24.506	10123	294	0.0	73.0	5.0	5.0	HallEtal2010
OS-62986	71.557	-24.475	14367	385	-1.0	76.0	5.0	5.0	HallEtal2010
OS-62852	71.549	-24.492	11238	335	0.0	101.0	5.0	5.0	HallEtal2008,HallEtal2010
OS-62994	71.51	-24.5	11651	338	-1.0	70.0	5.0	5.0	HallEtal2010
OS-64754	71.547	-24.331	9805	276	0.0	62.0	5.0	5.0	HallEtal2010
OS-64755	71.668	-24.365	9823	278	-1.0	62.0	5.0	5.0	HallEtal2010
OS-64756	71.69	-24.367	9698	266	-1.0	65.0	5.0	5.0	HallEtal2010
OS-64759	71.454	-24.506	9469	243	-1.0	59.0	5.0	5.0	HallEtal2010
OS-62992	71.5	-24.503	9982	272	0.0	81.0	5.0	5.0	HallEtal2010
