Ta-P7-2_2	-17.516666666666666	-149.56666666666666	9330.7	49.8	0	-12.97956365226013	19.32121828773987	19.32121828773987
Ta-P7-2_1	-17.516666666666666	-149.56666666666666	9367.1	68	0	-12.968355396415522	19.32152073358448	19.32152073358448
Ta-P6-10_3	-17.516666666666666	-149.56666666666666	9629.8	36	0	-23.063658488538188	11.547410431461815	11.547410431461815
Ta-P8-162	-17.516666666666666	-149.56666666666666	9630.8	286.4	0	-23.488923512429736	11.52183459757026	11.52183459757026
Ta-P6-10_1	-17.516666666666666	-149.56666666666666	9663.9	46.4	0	-23.112770576977624	11.488049173022375	11.488049173022375
Ta-P8-176	-17.516666666666666	-149.56666666666666	9677.9	49.8	0	12.506410816885051	49.80305176688505	49.80305176688505
Ta-P6-10_2	-17.516666666666666	-149.56666666666666	9686.8	45.4	0	-23.10918899471898	11.48475603528102	11.48475603528102
Ta-P8-182	-17.516666666666666	-149.56666666666666	9749.3	43.6	0	11.27499085967505	49.85019556967505	49.85019556967505
Ta-P6-11_2	-17.516666666666666	-149.56666666666666	9913.3	62	0	-25.834131906074685	11.491892213925315	11.491892213925315
Ta-P6-11_1	-17.516666666666666	-149.56666666666666	9925.8	44.8	0	-25.81907425056628	11.503191819433715	11.503191819433715
Ta-PI0-272	-17.533333333333335	-149.51666666666668	9987.4	216.2	0	-23.546429948923073	11.457339051076925	11.457339051076925
310-M0020A-2R-1W_31-32	-17.533333333333335	-149.58333333333334	10002.7	45.2	0	-55.048499046509704	27.550695143490305	27.550695143490305
Ta-P6-12	-17.516666666666666	-149.56666666666666	10008.8	45.8	0	-28.12377588193708	11.473574918062921	11.473574918062921
310-M0007A-18R-1W_77-109	-17.75	-149.53333333333333	10077.3	21.8	0	-23.865889819157694	34.7109348108423	34.7109348108423
Ta-P6-14_1	-17.516666666666666	-149.56666666666666	10212.2	64.2	0	-34.40630369083675	11.53003584916325	11.53003584916325
Ta-P6-13_1	-17.516666666666666	-149.56666666666666	10247.7	55.8	0	-32.42631815661265	11.499379193387348	11.499379193387348
Ta-P8-203	-17.516666666666666	-149.56666666666666	10277.2	30	0	-21.460704980370824	19.656125689629175	19.656125689629175
Ta-P8-222	-17.516666666666666	-149.56666666666666	10297.9	40	0	-32.0843055548631	11.526322325136904	11.526322325136904
Ta-P6-13_2	-17.516666666666666	-149.56666666666666	10319.2	45.2	0	-32.414318467110384	11.489912552889615	11.489912552889615
Ta-P7-4	-17.516666666666666	-149.56666666666666	10343.9	46.2	0	-32.47720400487913	11.519611485120874	11.519611485120874
Ta-P8-232	-17.516666666666666	-149.56666666666666	10549.1	29.2	0	-34.34463983138973	11.49063760861027	11.49063760861027
Ta-P7-5	-17.516666666666666	-149.56666666666666	10668	62.4	0	-1.2222935084041993	45.5772998015958	45.5772998015958
310-M0020A-3R-1W_19-23	-17.533333333333335	-149.58333333333334	10671.4	45.8	0	-49.08982581744255	34.708755322557444	34.708755322557444
Ta-P8-244	-17.516666666666666	-149.56666666666666	10705.1	122.2	0	1.646705386624653	49.83518579662465	49.83518579662465
Ta-P8-260	-17.516666666666666	-149.56666666666666	10765.4	44.8	0	-38.181554480330014	11.488816069669989	11.488816069669989
Ta-P9-200_2	-17.533333333333335	-149.51666666666668	10825.2	30.4	0	-38.5504829322807	11.5019484977193	11.5019484977193
Ta-PI0-302	-17.533333333333335	-149.51666666666668	10861.4	87.6	0	-35.91087739953446	11.53071344046554	11.53071344046554
Ta-P9-200	-17.533333333333335	-149.51666666666668	10921.4	229.4	0	-38.424778516341085	11.498814703658915	11.498814703658915
Ta-P7-6	-17.516666666666666	-149.56666666666666	10943.7	64.8	0	-33.05120039875496	19.665688121245037	19.665688121245037
Ta-P8-269_2	-17.516666666666666	-149.56666666666666	11065.2	40.4	0	-40.12528918328673	11.55515644671327	11.55515644671327
310-M0005A-12R-1W_51-54	-17.75	-149.53333333333333	11071.6	12.4	0	-37.1556864210955	34.722826768904504	34.722826768904504
Ta-P7-7_1	-17.516666666666666	-149.56666666666666	11088.1	47.2	0	-41.32290606532824	11.45067515467176	11.45067515467176
Ta-P7-7_4	-17.516666666666666	-149.56666666666666	11090.3	38.8	0	-41.2517393616505	11.521158018349505	11.521158018349505
Ta-P7-7_5	-17.516666666666666	-149.56666666666666	11091.4	38.8	0	-41.23962385391911	11.532968676080884	11.532968676080884
310-M0007B-21R-1W_0-20	-17.75	-149.53333333333333	11098.9	43.4	0	-29.036004727457062	34.73433085254294	34.73433085254294
Ta-P7-7_2	-17.516666666666666	-149.56666666666666	11102.1	38.8	0	-41.20874255125714	11.560628998742864	11.560628998742864
Ta-P7-7_3	-17.516666666666666	-149.56666666666666	11119.6	40.8	0	-41.295292543690366	11.46881539630964	11.46881539630964
Ta-P8-269	-17.516666666666666	-149.56666666666666	11173.7	145.8	0	-40.00993193515402	11.53795780484598	11.53795780484598
Ta-Pl0-317	-17.533333333333335	-149.51666666666668	11355.2	52	0	-18.65141039978093	34.74203456021907	34.74203456021907
Ta-P7-8	-17.516666666666666	-149.56666666666666	11375.2	41	0	-10.204974615015004	45.582461654984996	45.582461654984996
Ta-P9-213	-17.533333333333335	-149.51666666666668	11415.1	55	0	-43.2186913208686	11.5567813491314	11.5567813491314
Ta-PI0-321	-17.533333333333335	-149.51666666666668	11427.1	77.2	0	-42.08726300457207	11.48459708542793	11.48459708542793
310-M0018A-7R-1W_73-83	-17.75	-149.53333333333333	11529.2	32.4	0	-77.11654916876121	11.52469366123878	11.52469366123878
Ta-P7-9	-17.516666666666666	-149.56666666666666	11591.2	41.4	0	-16.183619688864397	45.539005321135605	45.539005321135605
Ta-Pl0-332	-17.533333333333335	-149.51666666666668	11790.1	47	0	-38.68413867899141	19.67881941100859	19.67881941100859
310-M0005C-11R-1W_46-59__4	-17.75	-149.53333333333333	11801.3	14.4	0	-64.93233219719308	11.52728939280692	11.52728939280692
310-M0005C-11R-1W_46-59__3	-17.75	-149.53333333333333	11847	32.8	0	-64.97962530129689	11.46628353870311	11.46628353870311
310-M0005C-11R-1W_46-59__1	-17.75	-149.53333333333333	11878.8	22.4	0	-64.89863138133143	11.537735578668574	11.537735578668574
310-M0005C-11R-1W_46-59__5	-17.75	-149.53333333333333	11895.5	24.4	0	-64.88143128134396	11.549921758656046	11.549921758656046
310-M0005C-11R-1W_46-59__2	-17.75	-149.53333333333333	11897.8	32.8	0	-64.94162218141864	11.489050748581356	11.489050748581356
310-M0019A-10R-1W_20-28	-17.533333333333335	-149.58333333333334	11899.4	24.4	0	-43.48088170418527	34.749294535814734	34.749294535814734
Ta-P8-295	-17.516666666666666	-149.56666666666666	11935.6	42	0	-9.870917873374857	49.848395766625146	49.848395766625146
310-M0005C-11R-1W_46-59__6	-17.75	-149.53333333333333	11950.8	24.4	0	-64.91786721276219	11.49688003723781	11.49688003723781
Ta-P10-333	-17.533333333333335	-149.51666666666668	11995.9	90.6	0	-23.550295579497188	34.75093178050281	34.75093178050281
Ta-P8-299	-17.516666666666666	-149.56666666666666	12031.6	47.2	0	-14.858955508060959	49.831570811939045	49.831570811939045
Ta-P7-10	-17.516666666666666	-149.56666666666666	12032.1	57	0	-27.12803482037404	34.76233597962596	34.76233597962596
Ta-PI0-338	-17.533333333333335	-149.51666666666668	12080.6	57	0	-9.6598387051203	49.8159918048797	49.8159918048797
Ta-PI0-341	-17.533333333333335	-149.51666666666668	12093.5	67.8	0	-48.16452067381033	11.507441806189666	11.507441806189666
Ta-P8-307	-17.516666666666666	-149.56666666666666	12177.6	110.8	0	-47.382437707004854	19.664276472995144	19.664276472995144
Ta-P9-232	-17.533333333333335	-149.51666666666668	12312.3	52.6	0	-26.123496372206446	34.782807317793555	34.782807317793555
310-M0024A-1R-1W_36-41	-17.5	-149.38333333333333	12359.3	33	0	-40.56672790133135	47.025492558668645	47.025492558668645
Ta-P9-233	-17.533333333333335	-149.51666666666668	12360.2	58.4	0	-27.204614603880977	34.787317766119024	34.787317766119024
Ta-P9-231	-17.533333333333335	-149.51666666666668	12372.4	47.8	0	-26.142435933774088	34.74583458622591	34.74583458622591
Ta-PI0-355	-17.533333333333335	-149.51666666666668	12409.9	47	0	-29.898988812655013	34.77804814734498	34.77804814734498
310-M0023A-5R-1W_45-52	-17.5	-149.38333333333333	12412.7	33.2	0	-36.49715124668436	34.779042273315646	34.779042273315646
310-M0005D-2R-1W_107-115	-17.75	-149.53333333333333	12463.5	22.6	0	-31.524243016232944	49.836713893767055	49.836713893767055
310-M0023A-6R-1W_117-146	-17.5	-149.38333333333333	12503.8	22.8	0	-39.0504915116052	34.79837818839479	34.79837818839479
Ta-P9-242_2	-17.533333333333335	-149.51666666666668	12519	88.2	0	-28.788624577007525	34.75567969299247	34.75567969299247
Ta-P8-322	-17.516666666666666	-149.56666666666666	12542.9	70.2	0	-34.76013450906524	34.77698598093477	34.77698598093477
Ta-P9-242	-17.533333333333335	-149.51666666666668	12592.3	42.4	0	-28.75040842034263	34.77190704965737	34.77190704965737
Ta-P8-319	-17.516666666666666	-149.56666666666666	12603.9	60.8	0	-34.555494020791905	34.76333524920809	34.76333524920809
Ta-P8-320	-17.516666666666666	-149.56666666666666	12628.6	89.6	0	-34.638034595554316	34.77337143444568	34.77337143444568
Ta-P7-13	-17.516666666666666	-149.56666666666666	12800.1	80.6	0	-34.984453627632604	34.7755202023674	34.7755202023674
Ta-P7-14	-17.516666666666666	-149.56666666666666	12811.3	60.8	0	-35.68507827969589	34.77153678030412	34.77153678030412
Ta-P8-338	-17.516666666666666	-149.56666666666666	12812.2	42.6	0	-36.063180561631015	34.79317201836899	34.79317201836899
Ta-P9-255	-17.533333333333335	-149.51666666666668	12823.3	79.6	0	-15.932779293032212	49.820243106967794	49.820243106967794
Ta-P7-12	-17.516666666666666	-149.56666666666666	12902.3	45.8	0	-18.344327070158542	49.884973649841456	49.884973649841456
Ta-P9-264	-17.533333333333335	-149.51666666666668	12970.4	32.6	0	-32.43253407909097	34.776331370909034	34.776331370909034
Ta-P7-15	-17.516666666666666	-149.56666666666666	12971.3	60.2	0	-36.105970932414344	34.80264158758566	34.80264158758566
Ta-P7-11	-17.516666666666666	-149.56666666666666	12976.2	48.6	0	-22.665805414859605	45.5413258551404	45.5413258551404
Ta-P8-348	-17.516666666666666	-149.56666666666666	12983.1	59	0	-20.9859397648881	49.8191252751119	49.8191252751119
Ta-P9-265	-17.533333333333335	-149.51666666666668	12995.4	48.6	0	-34.60937171329008	34.79202245670992	34.79202245670992
Ta-P7-16	-17.516666666666666	-149.56666666666666	13007.9	62	0	-37.623075750633845	34.77454243936616	34.77454243936616
Ta-P10-372	-17.533333333333335	-149.51666666666668	13031.8	59	0	-36.017141192262734	34.77332965773727	34.77332965773727
Ta-PI0-375	-17.533333333333335	-149.51666666666668	13117.8	321.6	0	-38.467374674568624	34.797281215431376	34.797281215431376
Ta-PI0-373	-17.533333333333335	-149.51666666666668	13141.8	48.8	0	-38.47275748946443	34.78469131053558	34.78469131053558
Ta-P7-17	-17.516666666666666	-149.56666666666666	13172.4	46.2	0	-38.65282704813276	34.79546721186724	34.79546721186724
310-M0005D-5R-2W_0-5	-17.75	-149.53333333333333	13205	44.6	0	-50.55782401217641	34.780666057823595	34.780666057823595
Ta-P8-354	-17.516666666666666	-149.56666666666666	13388.1	150.8	0	-44.36907040659414	34.81449277340585	34.81449277340585
Ta-P8-353	-17.516666666666666	-149.56666666666666	13424.6	49.2	0	-44.17537533266537	34.797234817334626	34.797234817334626
310-M0023A-11R-1W_22-31	-17.5	-149.38333333333333	13505.4	23.8	0	-32.01802677654	49.83036550346	49.83036550346
Ta-P7-18_2	-17.516666666666666	-149.56666666666666	13536	62.8	0	-41.62084216595831	34.818354684041694	34.818354684041694
310-M0015A-33R-1W_29-40__2	-17.75	-149.53333333333333	13595.4	23.8	0	-49.86081035565354	49.86057211434645	49.86057211434645
310-M0024A-4R-1W_137-141	-17.5	-149.38333333333333	13598.9	44	0	-41.48015599158234	49.84016803841765	49.84016803841765
310-M0023A-11R-2W_112-121	-17.5	-149.38333333333333	13605.4	23	0	-49.127333993281255	34.791059766718746	34.791059766718746
310-M0023A-12R-1W_32-38	-17.5	-149.38333333333333	13619.5	23	0	-34.785076319008155	49.82906429099185	49.82906429099185
Ta-P7-18_1	-17.516666666666666	-149.56666666666666	13621.4	83.2	0	-41.57947580036566	34.83409221963434	34.83409221963434
310-M0015A-33R-1W_29-40__1	-17.75	-149.53333333333333	13661.4	44	0	-49.8911566208251	49.810430209174896	49.810430209174896
Ta-P8-365	-17.516666666666666	-149.56666666666666	13746.3	69.6	0	-47.88052469808013	34.79558494191988	34.79558494191988
310-M0020A-16R-1W_55-66	-17.533333333333335	-149.58333333333334	13767	59	0	-65.57435377132671	34.79553612867329	34.79553612867329
Ta-P8-362	-17.516666666666666	-149.56666666666666	13768.8	49.6	0	-46.66326476084052	34.80608959915948	34.80608959915948
310-M0023A-12R-1W_140-145	-17.5	-149.38333333333333	13770.6	23	0	-60.27022468030698	25.39859696969302	25.39859696969302
310-M0005D-6R-2W_0-5__1	-17.75	-149.53333333333333	13781.4	34.4	0	-40.13437715771144	47.031205122288554	47.031205122288554
Ta-P8-363	-17.516666666666666	-149.56666666666666	13781.5	70	0	-46.347548126478586	34.81800135352141	34.81800135352141
Ta-P8-359	-17.516666666666666	-149.56666666666666	13818.6	50.8	0	-46.43437775968818	34.82003339031181	34.82003339031181
Ta-P7-19_3	-17.516666666666666	-149.56666666666666	13827.1	737	0	-67.7518158368929	11.600067263107094	11.600067263107094
Ta-P8-369	-17.516666666666666	-149.56666666666666	13831.7	33.4	0	-49.02057751504721	34.82991374495279	34.82991374495279
Ta-P8-360	-17.516666666666666	-149.56666666666666	13867.8	261	0	-46.541628865890225	34.79804144410978	34.79804144410978
Ta-P7-19_2	-17.516666666666666	-149.56666666666666	13868.9	65.4	0	-67.77422650373944	11.56510490626055	11.56510490626055
Ta-P7-19_1	-17.516666666666666	-149.56666666666666	13881	64.4	0	-67.71714472920712	11.618541810792875	11.618541810792875
310-M0009C-6R-1W_38-43	-17.5	-149.38333333333333	13892.3	34	0	-55.19893939574885	47.033362004251146	47.033362004251146
310-M0005D-6R-2W_0-5__2	-17.75	-149.53333333333333	13905.5	55.4	0	-40.116756211488195	47.0115892685118	47.0115892685118
Ta-P8-372	-17.516666666666666	-149.56666666666666	13954.3	63.4	0	-71.82526514921688	11.588431010783129	11.588431010783129
310-M0005D-6R-1W_23-31	-17.75	-149.53333333333333	13990.5	55.4	0	-37.0866691358748	49.8161689841252	49.8161689841252
310-M0023B-12R-1W_30-33	-17.5	-149.38333333333333	14027.2	14.4	0	-39.179623084811205	47.0122174551888	47.0122174551888
310-M0021A-13R-2W_66-75__1	-17.5	-149.38333333333333	14050.2	44.6	0	-62.865491576083166	34.819451203916834	34.819451203916834
310-M0021A-13R-2W_66-75__2	-17.5	-149.38333333333333	14052.9	33.6	0	-62.843056258945666	34.841085301054335	34.841085301054335
310-M0009E-7R-1W_5-17	-17.5	-149.38333333333333	14154.5	54.8	0	-67.13320940355386	34.82043629644613	34.82043629644613
310-M0020A-21R-2W_13-20	-17.533333333333335	-149.58333333333334	14183	44.4	0	-59.08168016132665	49.86340753867335	49.86340753867335
310-M0009D-7R-1W_28-45__1	-17.5	-149.38333333333333	14246.7	23.2	0	-72.18951804086416	34.83647865913584	34.83647865913584
310-M0009C-11R-2W_0-4	-17.5	-149.38333333333333	14253.4	44.4	0	-72.39565186802648	34.82831513197352	34.82831513197352
310-M0009D-7R-1W_11-28	-17.5	-149.38333333333333	14260.2	55.2	0	-72.1259327849641	34.795997415035906	34.795997415035906
310-M0020A-20R-1W_140-150	-17.533333333333335	-149.58333333333334	14272.4	59.4	0	-72.08883924051648	34.82944675948351	34.82944675948351
310-M0009A-6R-1W_38-48	-17.5	-149.38333333333333	14275.2	35.2	0	-67.78783219941707	34.829618200582935	34.829618200582935
310-M0009D-7R-1W_28-45__2	-17.5	-149.38333333333333	14294.2	33.6	0	-72.17025166977619	34.841491530223806	34.841491530223806
310-M0023B-12R-2W_113-127__1	-17.5	-149.38333333333333	14300.9	23	0	-37.665758871763146	49.84396009823685	49.84396009823685
310-M0018A-18R-1W_40-50	-17.75	-149.53333333333333	14317.2	66	0	-96.61710700491385	11.58774619508616	11.58774619508616
310-M0023B-15R-1W_0-5	-17.5	-149.38333333333333	14319.9	23.8	0	-42.47001086247809	49.834011737521905	49.834011737521905
310-M0023B-12R-2W_113-127__2	-17.5	-149.38333333333333	14333.5	25.4	0	-37.63958084320055	49.86036643679945	49.86036643679945
310-M0023A-13R-2W_32-37	-17.5	-149.38333333333333	14353.8	33.6	0	-37.809880638090696	49.8839817219093	49.8839817219093
310-M0021A-17R-1W_13-19	-17.5	-149.38333333333333	14367.5	45.8	0	-68.44635015235365	34.84338814764635	34.84338814764635
310-M0009B-9R-2W_0-5__1	-17.5	-149.38333333333333	14370.1	33.6	0	-55.827440338067944	49.86152586193205	49.86152586193205
310-M0018A-19R-1W_107-110	-17.75	-149.53333333333333	14379.7	23.8	0	-99.28031596535735	11.60577653464265	11.60577653464265
310-M0021B-16R-1W_39-44	-17.5	-149.38333333333333	14386.4	23	0	-53.0638976401872	49.8201681598128	49.8201681598128
310-M0009E-9R-1W_32-36	-17.5	-149.38333333333333	14398.7	98.6	0	-57.75649646568024	47.023899034319754	47.023899034319754
310-M0009B-9R-2W_0-5__2	-17.5	-149.38333333333333	14409.5	34	0	-55.84088874205605	49.83624705794395	49.83624705794395
310-M0009A-9R-1W_19-22	-17.5	-149.38333333333333	14416.5	35.2	0	-59.26909569158394	47.00594590841605	47.00594590841605
310-M0009D-7R-2W_64-71	-17.5	-149.38333333333333	14423.3	33.8	0	-58.39218760977255	49.880827590227454	49.880827590227454
310-M0015A-36R-1W_51-52	-17.75	-149.53333333333333	14461.1	23.4	0	-56.325041294055005	47.036617705945	47.036617705945
310-M0009C-13R-2W_15-18	-17.5	-149.38333333333333	14494.4	33.8	0	-74.91049397158324	34.84117362841676	34.84117362841676
310-M0020A-23R-1W_56-64	-17.533333333333335	-149.58333333333334	14500.5	55.6	0	-78.32284356213958	34.82701303786042	34.82701303786042
310-M0020A-22R-2W_59-70	-17.533333333333335	-149.58333333333334	14522	60	0	-76.5797688036912	34.86362299630881	34.86362299630881
310-M0009D-9R-1W_66-77	-17.5	-149.38333333333333	14531.9	33.8	0	-75.98705591332597	34.853371386674034	34.853371386674034
310-M0015A-36R-2W_0-6	-17.75	-149.53333333333333	14553.7	23.8	0	-56.41953457733345	47.01436412266655	47.01436412266655
310-M0009B-13R-1W_11-18	-17.5	-149.38333333333333	14553.7	23.4	0	-101.03369968635239	11.600199013647615	11.600199013647615
310-M0009D-9R-1W_99-103	-17.5	-149.38333333333333	14574	44.2	0	-76.27503269774783	34.85275290225217	34.85275290225217
310-M0016A-36R-2W_5-10	-17.75	-149.53333333333333	14593	23.4	0	-79.16128627744767	34.86080372255233	34.86080372255233
310-M0024A-10R-1W_65-75	-17.5	-149.38333333333333	14620.4	56.2	0	-54.4808714821904	49.8330156178096	49.8330156178096
310-M0023A-14R-1W_0-20	-17.5	-149.38333333333333	14629.6	23.4	0	-39.151441312102754	49.85967889789725	49.85967889789725
310-M0024A-10R-1W_98-116	-17.5	-149.38333333333333	14651.7	23.4	0	-54.852816338183956	49.85168806181605	49.85168806181605
310-M0015A-37R-1W_19-28	-17.75	-149.53333333333333	14685.7	24.4	0	-57.375541166620195	47.018739233379804	47.018739233379804
310-M0020A-24R-2W_38-42	-17.533333333333335	-149.58333333333334	14697.9	60.4	0	-105.28421232969053	11.60641327030948	11.60641327030948
310-M0026A-5R-1W_4-18	-17.5	-149.38333333333333	14751.1	23.4	0	-75.25361753995762	34.82104496004239	34.82104496004239
310-M0020A-23R-2W_72-78	-17.533333333333335	-149.58333333333334	14769.1	56	0	-79.6964417584821	34.8728355415179	34.8728355415179
310-M0020A-24R-1W_28-38	-17.533333333333335	-149.58333333333334	14777.5	60.8	0	-80.92256585616369	34.84418724383631	34.84418724383631
310-M0009D-10R-2W_96-107__1	-17.5	-149.38333333333333	14778.2	99	0	-78.61035039081938	34.85619170918063	34.85619170918063
310-M0025B-9R-1W_0-30	-17.5	-149.38333333333333	14780	56.2	0	-73.51304373298348	34.852960767016526	34.852960767016526
310-M0024A-10R-2W_69-72	-17.5	-149.38333333333333	14789.5	23.6	0	-70.91912812705795	34.844027072942055	34.844027072942055
310-M0009E-9R-1W_69-73	-17.5	-149.38333333333333	14806.9	99.4	0	-55.10902372922244	49.84892057077755	49.84892057077755
310-M0009D-10R-2W_74-78	-17.5	-149.38333333333333	14826.9	55.4	0	-78.38233462058295	34.86960107941705	34.86960107941705
310-M0025B-9R-2W_60-70	-17.5	-149.38333333333333	14842.6	33.8	0	-75.28878760689344	34.85842449310656	34.85842449310656
310-M0009D-10R-2W_96-107__2	-17.5	-149.38333333333333	14853.4	55.4	0	-78.61364136354004	34.830330036459955	34.830330036459955
310-M0026A-5R-1W_117-127	-17.5	-149.38333333333333	14898.6	34.2	0	-76.28723673072454	34.84317366927545	34.84317366927545
310-M0009D-11R-1W_13-26__2	-17.5	-149.38333333333333	14930	55.4	0	-79.49207665981618	34.82891774018382	34.82891774018382
310-M0025B-10R-1W_0-5	-17.5	-149.38333333333333	14944.7	23.6	0	-75.4486681019376	34.86792929806241	34.86792929806241
310-M0009A-6R-1W_24-35	-17.5	-149.38333333333333	14972.8	99.4	0	-70.968923758909	34.83924844109101	34.83924844109101
310-M0009D-11R-1W_13-26__1	-17.5	-149.38333333333333	14976	45.4	0	-79.46334447600893	34.84385402399107	34.84385402399107
310-M0009C-16R-1W_3-4	-17.5	-149.38333333333333	14977.1	34	0	-66.4798826654433	47.0270003345567	47.0270003345567
310-M0024A-11R-2W_23-38__1	-17.5	-149.38333333333333	15024	24	0	-73.56517923785745	34.827619862142555	34.827619862142555
310-M0024A-11R-2W_23-38__2	-17.5	-149.38333333333333	15043	66.2	0	-73.53880693598106	34.84829746401894	34.84829746401894
310-M0009B-14R-1W_22-25	-17.5	-149.38333333333333	15179.1	26.8	0	-64.68702275291955	49.85923974708045	49.85923974708045
310-M0024A-13R-1W_32-41	-17.5	-149.38333333333333	15186.6	34.8	0	-76.56765319481778	34.876369105182214	34.876369105182214
310-M0024A-14R-1W_24-28__1	-17.5	-149.38333333333333	15211.4	67	0	-77.4590524122744	34.87753028772559	34.87753028772559
310-M0024A-14R-1W_24-28__2	-17.5	-149.38333333333333	15285.1	34.4	0	-77.47251455323973	34.84194904676027	34.84194904676027
310-M0025B-11R-1W_70-74	-17.5	-149.38333333333333	15342.8	25.4	0	-65.8756552579309	47.021494242069096	47.021494242069096
310-M0009C-17R-2W_0-10	-17.5	-149.38333333333333	15551.3	25.6	0	-79.86919769173358	34.86542240826643	34.86542240826643
310-M0024A-15R-1W_16-20	-17.5	-149.38333333333333	15780.2	34.4	0	-64.03724300604635	49.82870549395365	49.82870549395365
310-M0009B-15R-1W_13-20__1	-17.5	-149.38333333333333	16051.3	67.8	0	-66.3301138774451	49.8544941225549	49.8544941225549
310-M0009B-15R-1W_13-20__2	-17.5	-149.38333333333333	16157.9	57	0	-66.31846418666214	49.83417431333785	49.83417431333785
