GSC-1330	53.7	-57.7	7062	267	1.0	18.0	0.6	0.6	LowdonBlake1975,VacchiEtal2018
GSC-1346	53.7	-57.7	6156	266	1.0	75.0	0.6	0.6	LowdonBlake1975,VacchiEtal2018
GSC-2196	53.63	-57.43	9370	155	-1.0	2.0	2.5	2.5	McNeelyBrennan2005,VacchiEtal2018
GSC-1379	54.45	-57.43	3846	326	1.0	6.7	0.6	0.6	Fitzhugh1972,VacchiEtal2018
GSC-2465	54.04	-58.73	8160	189	-1.0	1.5	0.6	0.6	Martindale2020,VacchiEtal2018
GSC-2480	53.95	-57.23	5840	254	1.0	9.0	0.6	0.6	Martindale2020,VacchiEtal2018
BETA-56249	53.8	-56.4	1769	227	1.0	4.2	0.7	0.7	Martindale2020,VacchiEtal2018
BETA-56247	54.36	-57.8	1306	303	1.0	4.8	0.6	0.6	Martindale2020,VacchiEtal2018
BETA-56251	53.73	-56.71	966	270	1.0	2.5	0.6	0.6	Martindale2020,VacchiEtal2018
SI-1790	54.35	-57.8	5930	310	1.0	11.1	0.7	0.7	Fitzhugh1975,VacchiEtal2018
SI-1791	54.35	-57.8	6207	273	1.0	11.1	0.7	0.7	Fitzhugh1975,VacchiEtal2018
SI-2146	54.45	-57.43	4662	283	1.0	6.7	0.6	0.6	Fitzhugh1972,VacchiEtal2018
SI-2512	54.45	-57.43	4917	378	1.0	6.7	0.6	0.6	Fitzhugh1972,VacchiEtal2018
GSC-1453	54.67	-57.8	10128	365	-1.0	50.2	2.5	2.5	McNeelyBrennan2005,VacchiEtal2018
GSC-1196	54.3	-58.04	228	212	1.0	2.7	0.6	0.6	Fitzhugh1972,VacchiEtal2018
