Poz-63856	57.18	24.35	2517	158	-1.0	-3.15	0.5090432201689754	0.5027176145710432	GrudzinskaEtal2017,RosentauEtal2021
Poz-63858	57.18	24.35	8587	112	-1.0	-9.85	0.5448164828637254	0.5027176145710432	GrudzinskaEtal2017,RosentauEtal2021
Poz-63857	57.18	24.35	5607	98	-1.0	-5.95	0.5192542729723079	0.5027176145710432	GrudzinskaEtal2017,RosentauEtal2021
Poz-48439	57.18	24.35	11033	199	1.0	-11.75	0.561449018166387	0.5027176145710432	GrudzinskaEtal2017,RosentauEtal2021
Poz-57601	57.18	24.35	7302	121	-1.0	-8.13	0.5339709729938511	0.5027176145710432	GrudzinskaEtal2017,RosentauEtal2021
Poz-56233	57.13	24.33	10337	133	-1.0	-5.34	0.5246903848937962	0.5027922035990614	Grudzinska2015,RosentauEtal2021
Poz-48438	57.18	24.35	10974	213	1.0	-11.57	0.557068218443666	0.5027176145710432	GrudzinskaEtal2017,RosentauEtal2021
Tln-3101	56.97	23.91	7024	208	1.0	-0.8	0.07810249675906655	0.06	Eberhards2008,RosentauEtal2021
Tln-3102	56.97	23.91	7406	134	1.0	-1.0	0.07810249675906655	0.06	Eberhards2008,RosentauEtal2021
Tln-3103	56.97	23.91	6946	212	1.0	-1.2	0.08485281374238571	0.06	Eberhards2008,RosentauEtal2021
Poz-56229	57.12	24.27	5940	163	1.0	-5.37	0.5192542729723079	0.5027176145710432	Grudzinska2015,RosentauEtal2021
Tln-3497	57.18	24.35	4348	169	-1.0	-4.77	0.5151941381654105	0.5033140172894055	GrudzinskaEtal2017,RosentauEtal2021
Poz-48440	56.96	23.55	8238	179	1.0	-0.78	0.5043064544500695	0.5027176145710432	Grudzinska2015,RosentauEtal2021
Poz-56240	57.06	24.27	9146	131	1.0	-6.01	0.5374941860150675	0.5027922035990614	Grudzinska2015,RosentauEtal2021
Poz-56239	57.06	24.27	10937	208	1.0	-7.63	0.5488169093604898	0.5027922035990614	Grudzinska2015,RosentauEtal2021
Poz-56237	57.03	24.24	7664	69	1.0	-4.71	0.5275651618520693	0.5027176145710432	Grudzinska2015,RosentauEtal2021
Poz-56234	57.13	24.33	10988	200	1.0	-5.69	0.5246189093046495	0.5027176145710432	Grudzinska2015,RosentauEtal2021
Tln-3500	57.18	24.35	4201	196	-1.0	-4.52	0.5131520242579191	0.5033140172894055	GrudzinskaEtal2017,RosentauEtal2021
Poz-56231	57.12	24.27	6075	116	1.0	-4.15	0.5149757275833493	0.5030904491242106	Grudzinska2015,RosentauEtal2021
Poz-56230	57.12	24.27	10408	145	1.0	-6.37	0.5246189093046495	0.5027176145710432	Grudzinska2015,RosentauEtal2021
