Poz-72265	58.5359	8.96	10094	153	-1.0	37.6	0.19	0.194728260910988	RomundsetEtal2018,CreelEtal2022
Poz-72261	58.5533	8.91	6064	121	0.0	18.5	0.26	0.2571994641476988	RomundsetEtal2018,CreelEtal2022
Poz-71595	58.5808	8.94	10828	233	0.0	63.2	0.26	0.2557249598443827	RomundsetEtal2018,CreelEtal2022
Poz-72443	58.611	8.9	10713	271	0.0	52.0	0.25	0.2537059271723177	RomundsetEtal2018,CreelEtal2022
Poz-71613	58.5799	8.91	7136	120	0.0	21.6	0.26	0.25547473115780933	RomundsetEtal2018,CreelEtal2022
Poz-71605	58.5913	9.02	2534	162	0.0	7.2	0.26	0.25572974008388805	RomundsetEtal2018,CreelEtal2022
Poz-71602	58.6251	8.96	10473	176	0.0	46.0	0.25	0.2534288592048871	RomundsetEtal2018,CreelEtal2022
Poz-72450	58.5579	8.88	10448	173	0.0	46.9	0.26	0.25663500336210593	RomundsetEtal2018,CreelEtal2022
Poz-71596	58.5808	8.94	10884	221	0.0	63.2	0.26	0.2557249598443827	RomundsetEtal2018,CreelEtal2022
Poz-80678	58.6241	9.0	11545	253	0.0	85.7	1.03	1.0304795019952504	RomundsetEtal2018,CreelEtal2022
Poz-72462	58.5542	8.87	11297	102	-1.0	59.0	1.02	1.017106449693123	RomundsetEtal2018,CreelEtal2022
Poz-71535	58.606	8.98	4082	137	0.0	11.5	0.25	0.25456156486517506	RomundsetEtal2018,CreelEtal2022
Poz-82912	58.5671	8.94	7506	67	0.0	24.4	0.26	0.2565548006410924	RomundsetEtal2018,CreelEtal2022
Poz-73618	58.569	8.93	10123	152	0.0	36.2	0.26	0.2565599971818056	RomundsetEtal2018,CreelEtal2022
Poz-72457	58.5568	8.88	10408	145	0.0	46.7	0.26	0.25664128743071535	RomundsetEtal2018,CreelEtal2022
Poz-73620	58.5749	8.91	9432	102	0.0	28.0	0.26	0.25574639780757097	RomundsetEtal2018,CreelEtal2022
Poz-73675	58.5686	8.93	9622	104	0.0	40.5	0.26	0.25656076782045684	RomundsetEtal2018,CreelEtal2022
Poz-73676	58.5686	8.93	10951	211	-1.0	40.5	0.19	0.19158968163211773	RomundsetEtal2018,CreelEtal2022
Poz-73679	58.5745	8.91	8797	184	0.0	27.5	0.26	0.255747047937613	RomundsetEtal2018,CreelEtal2022
Poz-73680	58.5745	8.91	9498	48	0.0	27.5	0.26	0.255747047937613	RomundsetEtal2018,CreelEtal2022
Poz-80668	58.6052	8.99	9657	117	0.0	31.7	0.25	0.25477749739510347	RomundsetEtal2018,CreelEtal2022
Poz-71590	58.5959	8.92	10843	233	0.0	68.2	0.25	0.2546901814335904	RomundsetEtal2018,CreelEtal2022
Poz-73672	58.6092	8.93	10951	211	0.0	52.8	0.25	0.25419709368703297	RomundsetEtal2018,CreelEtal2022
Poz-72460	58.5542	8.87	10337	133	0.0	59.0	1.03	1.031207036051227	RomundsetEtal2018,CreelEtal2022
T-2415	58.8	9.28	10528	965	0.0	82.0	1.37	1.373897820630386	Stabell1980,CreelEtal2022
T-1852	58.77	9.27	4938	550	0.0	18.5	1.24	1.2365463748467131	Stabell1980,CreelEtal2022
T-1853	58.92	9.45	6715	676	0.0	27.5	1.29	1.288320711900223	Stabell1980,CreelEtal2022
T-1966	58.83	9.43	9572	554	0.0	43.0	1.39	1.3872355782875667	Stabell1980,CreelEtal2022
T-1965	58.95	9.28	8637	556	0.0	38.0	1.34	1.344619441995542	Stabell1980,CreelEtal2022
T-1964	58.9	9.32	7131	357	0.0	28.6	1.29	1.2949380871339746	Stabell1980,CreelEtal2022
T-1967	58.82	9.23	10001	844	0.0	50.5	1.27	1.2749493694709197	Stabell1980,CreelEtal2022
T-1851	58.87	9.45	3294	480	0.0	14.9	1.22	1.2167541132005935	Stabell1980,CreelEtal2022
T-1968	58.95	9.27	10268	681	1.0	98.96	1.42	1.4208359328384406	Stabell1980,CreelEtal2022
T-2414	58.78	9.35	4326	813	0.0	15.0	1.22	1.2175350794431166	Stabell1980,CreelEtal2022
T-1850	58.83	9.28	2744	535	0.0	8.4	1.14	1.14422853514624	Stabell1980,CreelEtal2022
T-1963	58.87	9.38	2878	646	0.0	10.5	1.19	1.1938231619006914	Stabell1980,CreelEtal2022
