GX-5084	59.2	-70.25	7211	508	-1.0	113.0	3.6	3.6	GrayEtal1980,VacchiEtal2018
QC-352	59.99	-69.8	4303	411	-1.0	16.0	3.1	3.1	GrayEtal1980,VacchiEtal2018
BETA-34756	60.5	-67.85	7145	338	-1.0	48.0	3.5	3.5	LauriolGray1987,VacchiEtal2018
DIC-1271	59.93	-69.66	5445	495	1.0	40.0	3.1	3.1	SimonEtal2016,VacchiEtal2018
DIC-1272	59.93	-69.66	3196	173	1.0	25.0	2.7	2.7	SimonEtal2016,VacchiEtal2018
DIC-1273	59.93	-69.66	1718	173	1.0	13.0	2.4	2.4	SimonEtal2016,VacchiEtal2018
DIC-1277	58.9	-69.88	6978	353	-1.0	30.0	1.6	1.6	GrayEtal1993,VacchiEtal2018
DIC-1516	59.05	-69.84	5769	294	-1.0	23.0	2.9	2.9	SimonEtal2016,VacchiEtal2018
DIC-1517	58.75	-70.0	5626	267	-1.0	25.0	2.9	2.9	SimonEtal2016,VacchiEtal2018
GSC-1530	60.5	-67.85	7634	529	-1.0	82.0	3.8	3.8	Loken1978,VacchiEtal2018
GSC-2311	59.2	-70.23	6966	268	-1.0	105.0	3.6	3.6	GrayEtal1980,VacchiEtal2018
GX-4738	59.25	-70.08	7455	423	-1.0	87.0	3.6	3.6	GrayEtal1980,VacchiEtal2018
GX-4740	59.3	-69.85	6460	490	-1.0	44.0	3.4	3.4	GrayEtal1980,VacchiEtal2018
GX-4741	59.29	-69.8	6319	424	-1.0	26.0	2.9	2.9	GrayEtal1980,VacchiEtal2018
GX-4743	59.3	-69.76	3395	448	-1.0	8.0	2.7	2.7	GrayEtal1980,VacchiEtal2018
GX-5083	59.2	-70.23	7044	418	-1.0	93.0	3.6	3.6	GrayEtal1980,VacchiEtal2018
GX-5085	59.2	-70.25	7389	520	-1.0	119.0	3.6	3.6	GrayEtal1980,VacchiEtal2018
GX-5086	59.3	-69.85	6645	559	-1.0	43.0	3.4	3.4	LauriolEtal1979,VacchiEtal2018
GX-5087	59.3	-69.78	6170	455	-1.0	28.0	3.0	3.0	GrayEtal1980,VacchiEtal2018
GX-5088	59.29	-69.8	6373	454	-1.0	26.0	2.9	2.9	GrayEtal1980,VacchiEtal2018
GX-5091	58.9	-69.88	6853	459	1.0	145.0	2.6	2.6	GrayEtal1993,VacchiEtal2018
GX-5094	59.2	-70.23	6761	398	1.0	94.0	3.6	3.6	GrayEtal1980,VacchiEtal2018
GX-5308	59.29	-69.61	7632	470	-1.0	80.0	2.6	2.6	GrayEtal1980,VacchiEtal2018
QC-356	60.03	-70.37	7182	317	-1.0	52.0	3.1	3.1	GrayEtal1980,VacchiEtal2018
unknown	58.65	-69.99	1117	146	-1.0	4.0	2.6	2.6	SimonEtal2016,VacchiEtal2018
