TO-4959(4)	-74.88	163.75	2306	408	1.0	4.2	1.3	1.3	BriggsTarasov2013,BaroniHall2004
GX-13612(2)	-74.88	163.75	5230	424	1.0	17.5	1.3	1.3	BriggsTarasov2013,BaroniHall2004
OS-36631	-74.9	163.73	5261	361	1.0	28.0	1.3	1.3	BriggsTarasov2013,BaroniHall2004
GX-13615(2)	-74.88	163.75	5344	434	1.0	18.5	1.3	1.3	BriggsTarasov2013,BaroniHall2004
AA-48524	-74.88	163.75	4864	372	-1.0	10.0	1.3	1.3	BriggsTarasov2013,BaroniHall2004
TO-7713	-74.88	163.9	5077	335	-1.0	16.0	1.3	1.3	BriggsTarasov2013,BaroniHall2004
TO-6648	-74.88	163.9	5333	325	-1.0	16.0	1.3	1.3	BriggsTarasov2013,BaroniHall2004
TO-6649	-74.88	163.9	5420	322	-1.0	17.0	1.3	1.3	BriggsTarasov2013,BaroniHall2004
AA-48531	-74.9	163.73	3076	517	0.0	9.5	1.3	1.3	BriggsTarasov2013,BaroniHall2004
AA-42242	-74.88	163.75	5451	508	0.0	22.0	1.3	1.3	BriggsTarasov2013,BaroniHall2004
AA-48536	-74.88	163.75	5623	501	0.0	26.0	1.3	1.3	BriggsTarasov2013,BaroniHall2004
AA-52677	-74.9	163.73	5998	355	0.0	22.0	1.3	1.3	BriggsTarasov2013,BaroniHall2004
AA-48518	-74.9	163.73	6154	477	0.0	28.0	1.3	1.3	BriggsTarasov2013,BaroniHall2004
