BBDS_10-11-1	13.0494	-59.5525	12058	80	0.0	-58.9	2.7	2.7	AbdulEtal2016
RGF_7-23-4.2	13.0401	-59.5408	10489	42	0.0	-38.8	2.7	2.7	AbdulEtal2016
RGF_7-23-4.3	13.0401	-59.5408	10494	20	0.0	-38.8	2.7	2.7	AbdulEtal2016
RGF_7-25-2	13.0401	-59.5408	10723	14	0.0	-39.9	2.7	2.7	AbdulEtal2016
RGF_7-25-3	13.0401	-59.5408	10773	14	0.0	-39.9	2.7	2.7	AbdulEtal2016
RGF_7-26-2	13.0401	-59.5408	10782	44	0.0	-40.2	2.7	2.7	AbdulEtal2016,PeltierFairbanks2006
RGF_7-26-2.2	13.0401	-59.5408	10830	48	0.0	-40.3	2.7	2.7	AbdulEtal2016
RGF_7-27-4	13.0401	-59.5408	11078	74	0.0	-42.0	2.7	2.7	PeltierFairbanks2006,Fairbanks1988
RGF_7-27-4.2	13.0401	-59.5408	11062	30	0.0	-42.0	2.7	2.7	AbdulEtal2016
RGF_7-27-6_(MIS4)	13.0401	-59.5408	57746	88	0.0	-58.0	2.7	2.7	AbdulEtal2016
RGF_7-4-2	13.0401	-59.5408	7376	34	0.0	4.7	25.0	25.0	PeltierFairbanks2006,Fairbanks1988
RGF_7-5-5	13.0401	-59.5408	9930	34	0.0	-18.9	2.7	2.7	PeltierFairbanks2006,Fairbanks1988
RGF_7-9-6	13.0401	-59.5408	8936	44	0.0	-22.2	2.7	2.7	PeltierFairbanks2006,Fairbanks1988
RGF_8-10-2	13.0401	-59.5408	9352	36	0.0	-26.7	2.7	2.7	AbdulEtal2016
RGF_8-11-2	13.0401	-59.5408	9455	44	0.0	-27.8	2.7	2.7	AbdulEtal2016
RGF_8-13-2	13.0401	-59.5408	9650	52	0.0	-30.2	2.7	2.7	AbdulEtal2016
RGF_8-13-4	13.0401	-59.5408	9593	34	0.0	-30.3	2.7	2.7	AbdulEtal2016
RGF_8-13-6	13.0401	-59.5408	9679	60	0.0	-30.6	2.7	2.7	AbdulEtal2016
RGF_8-14-3	13.0401	-59.5408	9645	18	0.0	-31.1	2.7	2.7	AbdulEtal2016
RGF_8-17-5	13.0401	-59.5408	10281	22	0.0	-34.4	2.7	2.7	AbdulEtal2016
RGF_8-18-5	13.0401	-59.5408	10339	14	0.0	-34.9	2.7	2.7	AbdulEtal2016
RGF_8-19-2	13.0401	-59.5408	10585	30	0.0	-37.2	2.7	2.7	AbdulEtal2016
RGF_7-23-4	13.0401	-59.5408	10571	78	0.0	-38.9	2.7	2.7	PeltierFairbanks2006,Fairbanks1988
RGF_7-23-2	13.0401	-59.5408	10594	12	0.0	-38.6	2.7	2.7	AbdulEtal2016
RGF_7-19-3	13.0401	-59.5408	9941	66	0.0	-34.0	2.7	2.7	PeltierFairbanks2006,Fairbanks1988
RGF_7-16-6	13.0401	-59.5408	9922	42	0.0	-31.1	2.7	2.7	AbdulEtal2016,FairbanksEtal2005,PeltierFairbanks2006
RGF_12-9-6	13.0483	-59.5531	12170	30	0.0	-59.4	2.7	2.7	AbdulEtal2016,FairbanksEtal2005,PeltierFairbanks2006
RGF_13-8-9	13.0367	-59.5476	17580	138	0.0	-109.4	2.7	2.7	PeltierFairbanks2006,Fairbanks1988
RGF_15-1-6	13.0366	-59.5475	12411	138	0.0	-67.6	25.0	25.0	PeltierFairbanks2006,Fairbanks1988,MortlockEtal2016
RGF_15-10-1	13.0366	-59.5475	19392	58	0.0	-112.2	2.7	2.7	PeltierFairbanks2006,Fairbanks1988,MortlockEtal2016
RGF_15-12-2	13.0366	-59.5475	19518	66	0.0	-113.8	2.7	2.7	PeltierFairbanks2006,Fairbanks1988,MortlockEtal2016
RGF_15-12-5	13.0366	-59.5475	19708	52	0.0	-114.2	2.7	2.7	PeltierFairbanks2006,Fairbanks1988,MortlockEtal2016
RGF_15-13-6	13.0366	-59.5475	19434	60	0.0	-93.1	25.0	25.0	PeltierFairbanks2006,Fairbanks1988,MortlockEtal2016
RGF_15-15-3	13.0366	-59.5475	19595	88	0.0	-95.6	25.0	25.0	PeltierFairbanks2006,Fairbanks1988,MortlockEtal2016
RGF_15-15-5	13.0366	-59.5475	19627	68	0.0	-95.7	25.0	25.0	PeltierFairbanks2006,Fairbanks1988,MortlockEtal2016
RGF_15-5-3	13.0367	-59.5476	14573	30	0.0	-100.2	2.7	2.7	PeltierFairbanks2006,Fairbanks1988,MortlockEtal2016
RGF_8-19-5	13.0401	-59.5408	10430	74	0.0	-37.4	2.7	2.7	AbdulEtal2016
RGF_16-12-6	13.0472	-59.5517	11512	34	0.0	-55.7	2.7	2.7	PeltierFairbanks2006,Fairbanks1988
RGF_16-13-3	13.0472	-59.5517	11550	20	0.0	-56.3	2.7	2.7	AbdulEtal2016
RGF_16-13-5	13.0472	-59.5517	11578	24	0.0	-56.5	2.7	2.7	AbdulEtal2016
RGF_16-6-2	13.0472	-59.5517	10527	92	0.0	-27.0	25.0	25.0	PeltierFairbanks2006,Fairbanks1988
RGF_7-10-2	13.0401	-59.5408	8934	60	0.0	-22.9	2.7	2.7	PeltierFairbanks2006,Fairbanks1988
RGF_7-10-3	13.0401	-59.5408	9003	16	0.0	-23.1	2.7	2.7	AbdulEtal2016
RGF_7-11-5	13.0401	-59.5408	9104	10	0.0	-24.2	2.7	2.7	AbdulEtal2016
RGF_7-12-2	13.0401	-59.5408	9155	36	0.0	-26.0	2.7	2.7	AbdulEtal2016,FairbanksEtal2005,PeltierFairbanks2006
RGF_7-14-2	13.0401	-59.5408	9716	20	0.0	-29.1	2.7	2.7	AbdulEtal2016
RGF_7-16-2	13.0401	-59.5408	9618	46	0.0	-30.8	2.7	2.7	PeltierFairbanks2006,Fairbanks1988
RGF_7-16-2.2	13.0401	-59.5408	9722	42	0.0	-30.8	2.7	2.7	AbdulEtal2016
RGF_16-12-7	13.0472	-59.5517	11391	72	0.0	-55.8	2.7	2.7	PeltierFairbanks2006,Fairbanks1988
RGF_12-9-5	13.0483	-59.5531	12203	76	0.0	-59.2	2.7	2.7	AbdulEtal2016,FairbanksEtal2005,PeltierFairbanks2006,MortlockEtal2005
RGF_8-19-6	13.0401	-59.5408	10476	58	0.0	-37.5	2.7	2.7	AbdulEtal2016
RGF_8-20-4	13.0401	-59.5408	10479	38	0.0	-38.7	2.7	2.7	AbdulEtal2016
RGF_9-21-6	13.0433	-59.5556	18174	66	0.0	-109.5	2.7	2.7	PeltierFairbanks2006,Fairbanks1988
RGF_9-21-9	13.0433	-59.5556	18448	100	0.0	-109.7	2.7	2.7	PeltierFairbanks2006,Fairbanks1988
RGF_9-22-4	13.0433	-59.5556	18549	52	0.0	-110.7	2.7	2.7	PeltierFairbanks2006,Fairbanks1988
RGF_9-23-2	13.0433	-59.5556	18746	128	0.0	-111.2	2.7	2.7	PeltierFairbanks2006,Fairbanks1988
RGF_9-23-5	13.0433	-59.5556	18783	160	0.0	-111.4	2.7	2.7	PeltierFairbanks2006,Fairbanks1988
RGF_9-24-2	13.0433	-59.5556	18716	56	0.0	-113.0	2.7	2.7	PeltierFairbanks2006,Fairbanks1988
RGF_9-24-4	13.0433	-59.5556	18806	66	0.0	-113.2	2.7	2.7	PeltierFairbanks2006,Fairbanks1988
RGF_9-27-5	13.0433	-59.5556	19075	110	0.0	-117.8	2.7	2.7	PeltierFairbanks2006,Fairbanks1988
RGF_9-3-5	13.0433	-59.5556	12937	66	0.0	-61.1	25.0	25.0	PeltierFairbanks2006,Fairbanks1988
RGF_9-3-6	13.0433	-59.5556	12873	48	0.0	-61.1	25.0	25.0	PeltierFairbanks2006,Fairbanks1988
RGF_9-32-4	13.0433	-59.5556	20339	158	0.0	-101.7	25.0	25.0	PeltierFairbanks2006,Fairbanks1988
RGF_9-34-10	13.0433	-59.5556	21858	82	0.0	-107.0	25.0	25.0	PeltierFairbanks2006,Fairbanks1988
RGF_9-34-7	13.0433	-59.5556	21714	82	0.0	-106.5	25.0	25.0	PeltierFairbanks2006,Fairbanks1988
RGF_9-34-8	13.0433	-59.5556	21802	82	0.0	-106.8	25.0	25.0	PeltierFairbanks2006,Fairbanks1988
RGF_9-35-2	13.0433	-59.5556	21966	78	0.0	-107.8	25.0	25.0	PeltierFairbanks2006,Fairbanks1988
RGF_9-39-4	13.0433	-59.5556	24883	110	0.0	-113.6	25.0	25.0	PeltierFairbanks2006,Fairbanks1988
RGF_9-39-5A	13.0433	-59.5556	24579	82	0.0	-113.8	25.0	25.0	PeltierFairbanks2006,Fairbanks1988
RGF_9-40-3	13.0433	-59.5556	25265	450	0.0	-115.6	25.0	25.0	PeltierFairbanks2006,Fairbanks1988
RGF_9-40-4	13.0433	-59.5556	25045	60	0.0	-115.7	25.0	25.0	PeltierFairbanks2006,Fairbanks1988
RGF_9-43-3	13.0433	-59.5556	31366	112	0.0	-125.5	25.0	25.0	PeltierFairbanks2006,Fairbanks1988
RGF_9-8-2	13.0433	-59.5556	14082	56	0.0	-91.0	2.7	2.7	PeltierFairbanks2006,Fairbanks1988
RGF_9-21-11	13.0433	-59.5556	18176	112	0.0	-109.7	2.7	2.7	PeltierFairbanks2006,Fairbanks1988
RGF_9-21-10	13.0433	-59.5556	18218	88	0.0	-109.7	2.7	2.7	PeltierFairbanks2006,Fairbanks1988
RGF_9-20-2	13.0433	-59.5556	18116	74	0.0	-108.9	2.7	2.7	PeltierFairbanks2006,Fairbanks1988
RGF_9-2-7	13.0433	-59.5556	12309	72	0.0	-74.4	10.0	10.0	PeltierFairbanks2006,Fairbanks1988
RGF_8-20-6	13.0401	-59.5408	10459	48	0.0	-38.8	2.7	2.7	AbdulEtal2016
RGF_8-20-8	13.0401	-59.5408	10617	50	0.0	-39.0	2.7	2.7	AbdulEtal2016
RGF_8-20-9	13.0401	-59.5408	10818	50	0.0	-39.1	2.7	2.7	AbdulEtal2016
RGF_8-21-3	13.0401	-59.5408	10701	60	0.0	-40.1	2.7	2.7	AbdulEtal2016
RGF_8-21-4	13.0401	-59.5408	10759	72	0.0	-40.1	2.7	2.7	AbdulEtal2016
RGF_8-21-5	13.0401	-59.5408	10823	74	0.0	-40.2	2.7	2.7	AbdulEtal2016
RGF_8-22-1.A	13.0401	-59.5408	10804	70	0.0	-41.7	2.7	2.7	AbdulEtal2016
RGF_8-22-1.B	13.0401	-59.5408	10867	64	0.0	-41.7	2.7	2.7	AbdulEtal2016
RGF_8-22-4	13.0401	-59.5408	10988	64	0.0	-42.0	2.7	2.7	AbdulEtal2016
RGF_8-24-1	13.0401	-59.5408	10867	88	0.0	-43.0	2.7	2.7	AbdulEtal2016
RGF_8-20-3	13.0401	-59.5408	10496	46	0.0	-38.6	2.7	2.7	AbdulEtal2016
RGF_8-25-2_(MIS4)	13.0401	-59.5408	64210	844	0.0	-62.1	2.7	2.7	AbdulEtal2016
RGF_9-1-2	13.0433	-59.5556	12179	66	0.0	-72.2	10.0	10.0	PeltierFairbanks2006,Fairbanks1988
RGF_9-1-6	13.0433	-59.5556	12029	60	0.0	-72.4	10.0	10.0	PeltierFairbanks2006,Fairbanks1988
RGF_9-1-7	13.0433	-59.5556	11774	82	0.0	-72.5	10.0	10.0	PeltierFairbanks2006,Fairbanks1988
RGF_9-1-8	13.0433	-59.5556	12212	128	0.0	-72.9	10.0	10.0	PeltierFairbanks2006,Fairbanks1988
RGF_9-11-2	13.0433	-59.5556	14255	40	0.0	-93.1	2.7	2.7	PeltierFairbanks2006,Fairbanks1988
RGF_9-12-5	13.0433	-59.5556	14408	40	0.0	-94.9	2.7	2.7	PeltierFairbanks2006,Fairbanks1988
RGF_9-12-7	13.0433	-59.5556	14396	36	0.0	-95.0	2.7	2.7	PeltierFairbanks2006,Fairbanks1988
RGF_9-13-3	13.0433	-59.5556	14539	46	0.0	-96.4	2.7	2.7	PeltierFairbanks2006,Fairbanks1988
RGF_9-2-3	13.0433	-59.5556	12016	56	0.0	-73.7	10.0	10.0	PeltierFairbanks2006,Fairbanks1988
RGF_9-2-5	13.0433	-59.5556	12103	78	0.0	-74.1	10.0	10.0	PeltierFairbanks2006,Fairbanks1988
RGF_8-7-9	13.0401	-59.5408	9016	56	0.0	-24.8	2.7	2.7	AbdulEtal2016
RGF_12-9-3	13.0483	-59.5531	12002	50	0.0	-59.0	2.7	2.7	PeltierFairbanks2006,Fairbanks1988
RGF_12-9-1.2	13.0483	-59.5531	11488	24	0.0	-58.7	2.7	2.7	AbdulEtal2016
RGF_12-9-1	13.0483	-59.5531	11416	48	0.0	-58.7	2.7	2.7	AbdulEtal2016
BBDS_9-7-5.2	13.0444	-59.5525	11871	38	0.0	-57.1	2.7	2.7	AbdulEtal2016
BBDS_9-8-2	13.0444	-59.5525	11350	58	0.0	-58.1	2.7	2.7	AbdulEtal2016
BBDS_9-8-7	13.0444	-59.5525	11676	68	0.0	-58.5	2.7	2.7	AbdulEtal2016
BBDS_9-8-8	13.0444	-59.5525	11791	48	0.0	-58.6	2.7	2.7	AbdulEtal2016
RGF13-1-11	13.0367	-59.5476	14563	130	0.0	-90.5	10.0	10.0	PeltierFairbanks2006,Fairbanks1988
RGF15-1-2	13.0366	-59.5475	11988	122	0.0	-81.8	10.0	10.0	PeltierFairbanks2006,Fairbanks1988,MortlockEtal2016
RGF15-13-4	13.0366	-59.5475	19770	62	0.0	-107.9	10.0	10.0	PeltierFairbanks2006,Fairbanks1988,MortlockEtal2016
RGF15-14-3	13.0366	-59.5475	19483	54	0.0	-109.1	10.0	10.0	PeltierFairbanks2006,Fairbanks1988,MortlockEtal2016
RGF15-14-4	13.0366	-59.5475	19638	50	0.0	-109.3	10.0	10.0	PeltierFairbanks2006,Fairbanks1988,MortlockEtal2016
RGF15-14-5	13.0366	-59.5475	19650	220	0.0	-109.4	10.0	10.0	PeltierFairbanks2006,Fairbanks1988,MortlockEtal2016
RGF15-15-8	13.0366	-59.5475	19913	68	0.0	-111.2	10.0	10.0	PeltierFairbanks2006,Fairbanks1988,MortlockEtal2016
RGF15-17-3	13.0366	-59.5475	20575	62	0.0	-114.5	10.0	10.0	PeltierFairbanks2006,Fairbanks1988,MortlockEtal2016
RGF15-19-3	13.0366	-59.5475	20632	62	0.0	-115.7	10.0	10.0	PeltierFairbanks2006,Fairbanks1988,MortlockEtal2016
RGF15-2-4	13.0366	-59.5475	12533	50	0.0	-83.9	10.0	10.0	PeltierFairbanks2006,Fairbanks1988,MortlockEtal2016
RGF15-3-6	13.0366	-59.5475	12783	130	0.0	-86.0	10.0	10.0	PeltierFairbanks2006,Fairbanks1988,MortlockEtal2016
RGF15-9-5	13.0366	-59.5475	18408	52	0.0	-111.9	2.7	2.7	PeltierFairbanks2006,Fairbanks1988,MortlockEtal2016
RGF16-12-6	13.0472	-59.5517	11512	34	0.0	-55.7	2.7	2.7	AbdulEtal2016,FairbanksEtal2005,PeltierFairbanks2006
RGF16-12-7	13.0472	-59.5517	11429	32	0.0	-55.8	2.7	2.7	AbdulEtal2016,FairbanksEtal2005
RGF16-13-2	13.0472	-59.5517	11581	16	0.0	-56.2	2.7	2.7	AbdulEtal2016
RGF9-3-2	13.0433	-59.5556	12303	28	0.0	-75.4	10.0	10.0	PeltierFairbanks2006,Fairbanks1988
RGF9-3-4	13.0433	-59.5556	12680	150	0.0	-75.8	10.0	10.0	PeltierFairbanks2006,Fairbanks1988
BBDS_9-7-5	13.0444	-59.5525	11828	84	0.0	-57.1	2.7	2.7	AbdulEtal2016
BBDS_10-9-5	13.0494	-59.5525	11887	52	0.0	-57.6	2.7	2.7	AbdulEtal2016
BBDS_10-8-3	13.0494	-59.5525	11306	70	0.0	-56.6	2.7	2.7	AbdulEtal2016
BBDS_10-27-3.2	13.0494	-59.5525	13837	44	0.0	-78.8	2.7	2.7	AbdulEtal2016
BBDS_10-12-1	13.0494	-59.5525	11777	24	0.0	-59.7	2.7	2.7	AbdulEtal2016
BBDS_10-13-1	13.0494	-59.5525	12263	52	0.0	-60.6	2.7	2.7	AbdulEtal2016
BBDS_10-14-2	13.0494	-59.5525	12284	46	0.0	-61.5	2.7	2.7	AbdulEtal2016
BBDS_10-14-3	13.0494	-59.5525	12490	52	0.0	-61.6	2.7	2.7	AbdulEtal2016
BBDS_10-14-3.2	13.0494	-59.5525	12397	18	0.0	-61.6	2.7	2.7	AbdulEtal2016
BBDS_10-17-4	13.0494	-59.5525	12590	60	0.0	-64.0	2.7	2.7	AbdulEtal2016
BBDS_10-18-1	13.0494	-59.5525	12744	60	0.0	-64.6	2.7	2.7	AbdulEtal2016
BBDS_10-18-1.2	13.0494	-59.5525	12790	36	0.0	-64.6	2.7	2.7	AbdulEtal2016
BBDS_10-18-2	13.0494	-59.5525	12647	74	0.0	-64.7	2.7	2.7	AbdulEtal2016
BBDS_10-20-2	13.0494	-59.5525	12601	38	0.0	-66.1	2.7	2.7	AbdulEtal2016
RGF9-35-6	13.0433	-59.5556	22160	124	0.0	-123.2	10.0	10.0	PeltierFairbanks2006,Fairbanks1988
BBDS_10-20-2.2	13.0494	-59.5525	12647	32	0.0	-66.2	2.7	2.7	AbdulEtal2016
BBDS_10-20-4.2	13.0494	-59.5525	12768	30	0.0	-66.3	2.7	2.7	AbdulEtal2016
BBDS_10-20-9	13.0494	-59.5525	12840	38	0.0	-66.7	2.7	2.7	AbdulEtal2016
BBDS_10-23-3	13.0494	-59.5525	13349	72	0.0	-72.5	2.7	2.7	AbdulEtal2016
BBDS_10-24-1	13.0494	-59.5525	13826	64	0.0	-74.1	2.7	2.7	AbdulEtal2016
BBDS_10-24-3	13.0494	-59.5525	13611	56	0.0	-74.3	2.7	2.7	AbdulEtal2016
BBDS_10-25-4	13.0494	-59.5525	13751	64	0.0	-75.9	2.7	2.7	AbdulEtal2016
BBDS_10-26-1	13.0494	-59.5525	13610	76	0.0	-77.1	2.7	2.7	AbdulEtal2016
BBDS_10-26-3	13.0494	-59.5525	13922	80	0.0	-77.7	2.7	2.7	AbdulEtal2016
BBDS_10-26-4	13.0494	-59.5525	13873	104	0.0	-77.7	2.7	2.7	AbdulEtal2016
BBDS_10-27-1	13.0494	-59.5525	13898	60	0.0	-78.7	2.7	2.7	AbdulEtal2016
BBDS_10-20-4	13.0494	-59.5525	12665	62	0.0	-66.3	2.7	2.7	AbdulEtal2016
RGF9-37-2	13.0433	-59.5556	22536	92	0.0	-124.5	10.0	10.0	PeltierFairbanks2006,Fairbanks1988
RGF9-37-3	13.0433	-59.5556	22574	96	0.0	-124.7	10.0	10.0	PeltierFairbanks2006,Fairbanks1988
RGF9-38-1	13.0433	-59.5556	23044	74	0.0	-126.5	10.0	10.0	PeltierFairbanks2006,Fairbanks1988
RGF_12-17-6	13.0483	-59.5531	13050	68	0.0	-68.2	2.7	2.7	AbdulEtal2016
RGF_12-18-2	13.0483	-59.5531	13100	84	0.0	-68.9	2.7	2.7	AbdulEtal2016
RGF_12-18-2.2	13.0483	-59.5531	13078	64	0.0	-68.9	2.7	2.7	AbdulEtal2016
RGF_12-18-3	13.0483	-59.5531	13026	60	0.0	-68.9	2.7	2.7	AbdulEtal2016
RGF_12-19-3	13.0483	-59.5531	13126	48	0.0	-69.9	2.7	2.7	AbdulEtal2016
RGF_12-19-5	13.0483	-59.5531	13202	50	0.0	-70.2	2.7	2.7	AbdulEtal2016
RGF_12-21-10	13.0483	-59.5531	13632	32	0.0	-72.0	2.7	2.7	AbdulEtal2016,FairbanksEtal2005,PeltierFairbanks2006,MortlockEtal2005
RGF_12-21-2	13.0483	-59.5531	13555	38	0.0	-71.2	2.7	2.7	AbdulEtal2016,FairbanksEtal2005,PeltierFairbanks2006,MortlockEtal2005
RGF_12-21-6	13.0483	-59.5531	13574	52	0.0	-71.5	2.7	2.7	AbdulEtal2016,FairbanksEtal2005,PeltierFairbanks2006,MortlockEtal2005
RGF_12-21-7	13.0483	-59.5531	13578	52	0.0	-71.7	2.7	2.7	AbdulEtal2016,FairbanksEtal2005,PeltierFairbanks2006
RGF_12-17-4	13.0483	-59.5531	13067	52	0.0	-68.1	2.7	2.7	AbdulEtal2016
RGF_12-22-2	13.0483	-59.5531	13567	58	0.0	-72.4	2.7	2.7	AbdulEtal2016
RGF_12-28-6	13.0483	-59.5531	29540	82	0.0	-85.0	2.7	2.7	PeltierFairbanks2006,Fairbanks1988
RGF_12-28-7	13.0483	-59.5531	30147	114	0.0	-85.3	2.7	2.7	PeltierFairbanks2006,Fairbanks1988
RGF_12-29-2	13.0483	-59.5531	30225	150	0.0	-85.7	2.7	2.7	PeltierFairbanks2006,Fairbanks1988
RGF_12-30-2	13.0483	-59.5531	30298	220	0.0	-86.3	2.7	2.7	PeltierFairbanks2006,Fairbanks1988
RGF_12-30-3	13.0483	-59.5531	30242	96	0.0	-86.4	2.7	2.7	PeltierFairbanks2006,Fairbanks1988
RGF_12-5-2	13.0483	-59.5531	11392	44	0.0	-54.4	2.7	2.7	PeltierFairbanks2006,Fairbanks1988
RGF_12-5-2.A	13.0483	-59.5531	11393	60	0.0	-54.4	2.7	2.7	AbdulEtal2016,FairbanksEtal2005
RGF_12-5-2.B	13.0483	-59.5531	11390	28	0.0	-54.4	2.7	2.7	AbdulEtal2016,FairbanksEtal2005,MortlockEtal2005
RGF_12-6-7	13.0483	-59.5531	11511	74	0.0	-56.1	2.7	2.7	PeltierFairbanks2006,Fairbanks1988
RGF_12-6-7.3	13.0483	-59.5531	11519	32	0.0	-56.1	2.7	2.7	AbdulEtal2016
RGF_12-23-2	13.0483	-59.5531	13708	62	0.0	-74.6	2.7	2.7	AbdulEtal2016
RGF_9-9-7	13.0433	-59.5556	14295	58	0.0	-91.9	2.7	2.7	PeltierFairbanks2006,Fairbanks1988
RGF_12-17-3	13.0483	-59.5531	13121	56	0.0	-68.1	2.7	2.7	AbdulEtal2016
RGF_12-17-2.3	13.0483	-59.5531	13105	50	0.0	-67.7	2.7	2.7	AbdulEtal2016
RGF9-38-2	13.0433	-59.5556	23296	122	0.0	-126.7	10.0	10.0	PeltierFairbanks2006,Fairbanks1988
RGF9-38-3	13.0433	-59.5556	23039	76	0.0	-126.7	10.0	10.0	PeltierFairbanks2006,Fairbanks1988
RGF9-39-2	13.0433	-59.5556	23867	88	0.0	-128.1	10.0	10.0	PeltierFairbanks2006,Fairbanks1988
RGF9-39-3	13.0433	-59.5556	23858	138	0.0	-128.2	10.0	10.0	PeltierFairbanks2006,Fairbanks1988
RGF9-41-10	13.0433	-59.5556	25866	106	0.0	-132.3	10.0	10.0	PeltierFairbanks2006,Fairbanks1988
RGF9-41-11	13.0433	-59.5556	25622	126	0.0	-132.0	10.0	10.0	PeltierFairbanks2006,Fairbanks1988
RGF9-41-13	13.0433	-59.5556	26044	80	0.0	-132.3	10.0	10.0	PeltierFairbanks2006,Fairbanks1988
RGF9-41-3	13.0433	-59.5556	25645	80	0.0	-131.6	10.0	10.0	PeltierFairbanks2006,Fairbanks1988
RGF9-41-6	13.0433	-59.5556	25743	122	0.0	-131.8	10.0	10.0	PeltierFairbanks2006,Fairbanks1988
RGF9-41-8	13.0433	-59.5556	25639	90	0.0	-132.0	10.0	10.0	PeltierFairbanks2006,Fairbanks1988
RGF_12-17-2_CL	13.0483	-59.5531	13179	32	0.0	-67.8	2.7	2.7	PeltierFairbanks2006,Fairbanks1988
RGF9-41-9	13.0433	-59.5556	25741	106	0.0	-132.2	10.0	10.0	PeltierFairbanks2006,Fairbanks1988
RGF_12-14-2	13.0483	-59.5531	12816	74	0.0	-64.0	2.7	2.7	AbdulEtal2016
RGF_12-14-2.2	13.0483	-59.5531	12996	60	0.0	-64.0	2.7	2.7	AbdulEtal2016
RGF_12-14-4	13.0483	-59.5531	12904	46	0.0	-64.1	2.7	2.7	AbdulEtal2016
RGF_12-14-4.3	13.0483	-59.5531	12967	20	0.0	-64.2	2.7	2.7	AbdulEtal2016
RGF_12-15-4	13.0483	-59.5531	12919	34	0.0	-65.7	2.7	2.7	AbdulEtal2016,FairbanksEtal2005,MortlockEtal2005
RGF_12-15-4.2	13.0483	-59.5531	13066	34	0.0	-65.7	2.7	2.7	AbdulEtal2016,FairbanksEtal2005
RGF_12-16-5	13.0483	-59.5531	13088	112	0.0	-67.3	2.7	2.7	PeltierFairbanks2006,Fairbanks1988
RGF_12-16-5.2	13.0483	-59.5531	13238	112	0.0	-67.4	2.7	2.7	AbdulEtal2016
RGF_12-16-5.3	13.0483	-59.5531	13213	20	0.0	-67.4	2.7	2.7	AbdulEtal2016
RGF_12-17-2.2	13.0483	-59.5531	13179	32	0.0	-67.8	2.7	2.7	AbdulEtal2016,PeltierFairbanks2006,MortlockEtal2005
RGF_12-12-2	13.0483	-59.5531	12798	50	0.0	-62.3	2.7	2.7	AbdulEtal2016,PeltierFairbanks2006,MortlockEtal2005
RGF_B56	13.05	-59.54	726	20	0.0	1.2	2.7	2.7	PeltierFairbanks2006,Fairbanks1988
