LuA-5312	60.0408	-44.9033	949	191	0.0	-0.26	0.6	0.6	SparrenbomEtal2006b,LongEtal2011
Poz-7176	60.03	-44.9303	2270	90	0.0	-2.96	1.1	2.1	SparrenbomEtal2006b,LongEtal2011
Poz-7178	60.0316	-44.9083	9234	185	0.0	-7.46	1.1	2.1	SparrenbomEtal2006b,LongEtal2011
LuA-5315	60.03	-44.9303	8990	321	0.0	-2.96	1.1	2.1	SparrenbomEtal2006b,LongEtal2011
LuA-5846	60.1896	-45.076	2542	188	0.0	-6.01	0.6	0.6	SparrenbomEtal2006b,LongEtal2011
Poz-7320	60.1896	-45.076	9572	89	0.0	-6.01	0.6	0.6	SparrenbomEtal2006b,LongEtal2011
LuA-5351	60.0316	-44.9083	5007	284	0.0	-7.46	1.1	2.1	SparrenbomEtal2006b,LongEtal2011
LuA-5350	60.0316	-44.9083	9271	231	0.0	-7.46	1.1	2.1	SparrenbomEtal2006b,LongEtal2011
LuA-5316	60.03	-44.9303	8148	190	0.0	-2.96	1.1	2.1	SparrenbomEtal2006b,LongEtal2011
Ua-15902	60.08116666666667	-45.12916666666667	11612	359	0.0	24.49	2.0	2.0	BennikeEtal2002,LongEtal2011
LuA-5348	60.1321	-45.0513	9342	260	0.0	-3.81	0.5	0.5	SparrenbomEtal2006b,LongEtal2011
Ua-15419	60.033	-44.9315	9949	273	0.0	2.49	2.0	2.0	BennikeEtal2002,LongEtal2011
Ua-15418	60.030833333333334	-44.913666666666664	9982	244	0.0	1.49	2.0	2.0	BennikeEtal2002,LongEtal2011
Ua-15417	60.04233333333333	-44.95333333333333	11295	580	0.0	22.49	2.0	2.0	BennikeEtal2002,LongEtal2011
Ua-15414	60.036	-44.95933333333333	11927	519	0.0	28.49	2.0	2.0	BennikeEtal2002,LongEtal2011
LuA-5225	60.1278	-45.0621	9899	315	0.0	3.49	0.5	0.5	SparrenbomEtal2006b,LongEtal2011
Ua-15412	60.03666666666667	-44.92283333333334	10470	215	0.0	9.49	2.0	2.0	BennikeEtal2002,LongEtal2011
Ua-14844	59.98116666666667	-45.17933333333333	13544	247	0.0	31.49	2.0	2.0	BennikeEtal2002,LongEtal2011
Poz-7172	60.1321	-45.0513	1448	73	0.0	-2.3	0.5	0.5	SparrenbomEtal2006b,LongEtal2011
LuA-5226	60.1278	-45.0621	10253	314	0.0	3.49	0.5	0.5	SparrenbomEtal2006b,LongEtal2011
LuA-5227	60.1278	-45.0621	10278	293	0.0	3.49	0.5	0.5	SparrenbomEtal2006b,LongEtal2011
LuA-5311	60.0408	-44.9033	9310	206	0.0	-1.6	0.6	0.6	SparrenbomEtal2006b,LongEtal2011
Poz-7173	60.1321	-45.0513	2908	93	0.0	-2.3	0.5	0.5	SparrenbomEtal2006b,LongEtal2011
LuA-5849	60.03	-44.9303	2459	258	0.0	-2.96	1.1	2.1	SparrenbomEtal2006b,LongEtal2011
