TUa-3267	60.1969	5.39	13671	140	1.0	49.71	1.42	1.421547055961255	LohneEtal2004,CreelEtal2022
T-14130A	60.1969	5.39	10874	323	1.0	49.71	1.42	1.421547055961255	LohneEtal2004,CreelEtal2022
TUa-3268	60.2132	5.36	10361	130	1.0	20.12	1.23	1.2319167564181914	LohneEtal2004,CreelEtal2022
TUa-3266	60.1969	5.39	11538	261	0.0	50.33	1.4	1.4026921092193325	LohneEtal2004,CreelEtal2022
T-1021	60.18333333333333	5.483333333333333	12680	303	1.0	49.4	1.42	1.4223392839706372	GulliksenEtal1975,CreelEtal2022
TUa-3205	60.1732	5.42	10802	258	1.0	57.41	1.28	1.2832503685311973	LohneEtal2004,CreelEtal2022
TUa-2175	60.1969	5.39	12730	215	0.0	50.33	1.4	1.4026921092193325	LohneEtal2004,CreelEtal2022
T-1022	60.25	5.25	13090	357	-1.0	15.0	5.1	5.102198712510322	GulliksenEtal1975,CreelEtal2022
TUa-2178	60.1969	5.39	11267	430	1.0	49.71	1.42	1.421547055961255	LohneEtal2004,CreelEtal2022
TUa-2177	60.1969	5.39	10969	286	1.0	49.71	1.42	1.421547055961255	LohneEtal2004,CreelEtal2022
TUa-2176	60.1969	5.39	11897	546	0.0	50.33	1.4	1.4026921092193325	LohneEtal2004,CreelEtal2022
TUa-3269	60.1732	5.42	11001	196	1.0	57.41	1.28	1.2832503685311973	LohneEtal2004,CreelEtal2022
TUa-3204	60.1969	5.39	13857	197	1.0	49.71	1.42	1.421547055961255	LohneEtal2004,CreelEtal2022
TUa-3270	60.1732	5.42	13834	211	1.0	57.41	1.28	1.2832503685311973	LohneEtal2004,CreelEtal2022
Ua-15733	60.1892	5.41	13426	388	1.0	51.71	1.27	1.2686896917783308	BondevikMangerud2002,CreelEtal2022
T-1161	60.43333333333333	5.583333333333333	12738	307	-1.0	45.0	2.7	2.7003506357591185	GulliksenEtal1975,CreelEtal2022
Tua-2083	60.1811	5.41	12569	275	-1.0	45.6	1.4	1.3958813410783666	BondevikMangerud2002,CreelEtal2022
Tua-2084	60.1811	5.41	13796	606	-1.0	45.6	1.4	1.3958813410783666	BondevikMangerud2002,CreelEtal2022
Ua-15731	60.1892	5.41	11863	592	0.0	52.33	1.41	1.4137682115697943	BondevikMangerud2002,CreelEtal2022
Ua-15732	60.1892	5.41	12013	607	0.0	52.33	1.41	1.4137682115697943	BondevikMangerud2002,CreelEtal2022
Beta-175332	60.2271	5.33	13395	75	0.0	44.02	1.51	1.5063445154481423	LohneEtal2004,CreelEtal2022
Beta-136898	60.1732	5.42	14108	198	1.0	57.41	1.28	1.2832503685311973	LohneEtal2004,CreelEtal2022
Beta-136897	60.1732	5.42	13096	77	1.0	57.41	1.28	1.2832503685311973	LohneEtal2004,CreelEtal2022
Beta-136896	60.1732	5.42	11582	217	0.0	58.03	1.43	1.4281127656235504	LohneEtal2004,CreelEtal2022
Beta-136895	60.1732	5.42	11480	202	0.0	58.03	1.43	1.4281127656235504	LohneEtal2004,CreelEtal2022
Poz-2899	60.2271	5.33	12926	149	0.0	44.02	1.51	1.5063445154481423	LohneEtal2004,CreelEtal2022
Poz-2898	60.2271	5.33	12608	106	-1.0	44.0	1.38	1.3816484383467746	LohneEtal2004,CreelEtal2022
TUa-4139	60.2271	5.33	13015	297	-1.0	44.0	1.38	1.3816484383467746	LohneEtal2004,CreelEtal2022
Beta-175333	60.2271	5.33	13425	86	0.0	44.02	1.51	1.5063445154481423	LohneEtal2004,CreelEtal2022
TUa-2179	60.2132	5.36	10724	341	0.0	20.73	1.37	1.3749748547016705	LohneEtal2004,CreelEtal2022
Beta-175334	60.2271	5.33	13513	85	-1.0	44.0	1.38	1.3816484383467746	LohneEtal2004,CreelEtal2022
Beta-175336	60.2271	5.33	11257	60	0.0	44.02	1.51	1.5063445154481423	LohneEtal2004,CreelEtal2022
TUa-2174	60.1969	5.39	13234	124	1.0	49.71	1.42	1.421547055961255	LohneEtal2004,CreelEtal2022
T-1160	60.166666666666664	5.45	8599	371	1.0	36.4	1.33	1.334809604721867	GulliksenEtal1975,CreelEtal2022
T-1882	60.53333333333333	5.55	14070	527	-1.0	20.0	2.25	2.248827903913082	GulliksenEtal1978,CreelEtal2022
T-1749	60.36666666666667	5.466666666666667	8249	278	1.0	74.4	1.34	1.3387768536416826	GulliksenEtal1978,CreelEtal2022
T-1696	60.53333333333333	5.55	14115	574	-1.0	20.0	2.25	2.248827903913082	GulliksenEtal1978,CreelEtal2022
T-1491	60.3666666666667	5.466666666666667	10151	605	1.0	74.4	1.34	1.3387768536416826	GulliksenEtal1978,CreelEtal2022
T-142	60.18333333333333	5.45	12831	589	-1.0	38.0	1.35	1.345055244482156	Nydal1960,CreelEtal2022
T-1889	60.53333333333333	5.55	13870	566	-1.0	20.0	2.25	2.248827903913082	GulliksenEtal1978,CreelEtal2022
T-580	60.15	5.466666666666667	9365	592	1.0	19.4	1.23	1.2318251870564907	NydalEtal1970,CreelEtal2022
T-585	60.46666666666667	5.933333333333334	11351	1077	1.0	112.67	1.48	1.4831693918104443	Nydal1972,CreelEtal2022
T-594	60.15	5.633333333333333	12328	466	-1.0	5.0	1.13	1.1349898327077026	NydalEtal1970,CreelEtal2022
T1162	60.43333333333333	5.583333333333333	12772	297	-1.0	45.0	2.7	2.7003506357591185	GulliksenEtal1975,CreelEtal2022
Beta-175335	60.2271	5.33	13740	653	-1.0	44.0	1.38	1.3816484383467746	LohneEtal2004,CreelEtal2022
TUa-2173	60.1969	5.39	14556	416	0.0	50.33	1.4	1.4026921092193325	LohneEtal2004,CreelEtal2022
T-14131A	60.1969	5.39	10479	246	1.0	49.71	1.42	1.421547055961255	LohneEtal2004,CreelEtal2022
T-14132A	60.1969	5.39	10100	387	1.0	49.71	1.42	1.421547055961255	LohneEtal2004,CreelEtal2022
