AA-29327	54.38	-4.5	6968	285	0.0	1.56	0.5	0.5	RobertsEtal2006,ShennanEtal2018
AA-28380	54.4	-4.36	4932	349	0.0	2.25	0.21	0.21	GonzalezEtal2000,ShennanEtal2018
HV-5225	54.4	-4.39	8178	274	0.0	-1.43	0.22	0.22	RobertsEtal2006,ShennanEtal2018
HV-5226	54.4	-4.39	8727	359	0.0	-3.86	0.21	0.21	RobertsEtal2006,ShennanEtal2018
AA-28382	54.4	-4.36	7600	212	1.0	2.04	1.91	1.91	GonzalezEtal2000,ShennanEtal2018
AA-28383	54.4	-4.36	7725	208	0.0	1.25	0.21	0.21	GonzalezEtal2000,ShennanEtal2018
AA-28384	54.4	-4.36	7926	227	1.0	1.69	1.91	1.91	GonzalezEtal2000,ShennanEtal2018
AA-29325	54.38	-4.5	7390	218	0.0	1.07	0.5	0.5	RobertsEtal2006,ShennanEtal2018
AA-29326	54.38	-4.5	7046	278	0.0	0.96	0.5	0.5	RobertsEtal2006,ShennanEtal2018
AA-29329	54.38	-4.5	6407	253	0.0	2.12	0.5	0.5	RobertsEtal2006,ShennanEtal2018
AA-29330	54.38	-4.5	4497	324	0.0	2.04	0.5	0.5	RobertsEtal2006,ShennanEtal2018
AA-29333	54.4	-4.36	5274	307	0.0	2.09	0.21	0.21	GonzalezEtal2000,ShennanEtal2018
AA-29738	54.38	-4.5	7617	263	0.0	0.14	0.5	0.5	RobertsEtal2006,ShennanEtal2018
AA-52525	54.33	-4.38	9869	305	1.0	-4.95	1.91	1.91	RobertsEtal2006,ShennanEtal2018
AA-52526	54.33	-4.38	10747	401	1.0	-5.15	1.91	1.91	RobertsEtal2006,ShennanEtal2018
AA-29328	54.38	-4.5	6856	303	0.0	1.43	0.5	0.5	RobertsEtal2006,ShennanEtal2018
