Vink-52	54.957	5.708	9000	400	0.0	-43.5	1.04	1.04	VinkEtal2007,StreifEtal1983,LudwigEtal1979
Vink-51	54.697	6.192	9000	400	0.0	-46.7	1.04	1.04	VinkEtal2007,StreifEtal1983
Hv-15375	55.077	5.828	10387	695	0.0	-48.74	1.04	1.04	VinkEtal2007,Menke1996
Hv-11603	54.11	6.92	9618	467	0.0	-37.4	1.04	1.04	VinkEtal2007,StreifEtal1983
Hv-10336	54.17	6.983	10038	275	0.0	-39.35	1.04	1.04	VinkEtal2007,StreifEtal1983
Hv-7094	54.943	5.75	9500	353	0.0	-38.98	1.04	1.04	VinkEtal2007,LudwigEtal1979
Vink-54	54.118	7.213	9000	400	0.0	-38.95	1.04	1.04	VinkEtal2007,StreifEtal1983,LudwigEtal1979
Vink-53	55.323	6.517	8400	400	0.0	-38.18	1.04	1.04	VinkEtal2007,Behre2003,Behre2007,LudwigEtal1979
Hv-25407	53.845	6.812	9043	441	0.0	-29.54	1.04	1.04	VinkEtal2007
Hv-25406	53.947	6.944	9172	219	0.0	-32.99	1.04	1.04	VinkEtal2007
Hv-25340	54.903	6.877	9381	228	0.0	-34.16	1.04	1.04	VinkEtal2007
Hv-25342	54.913	6.951	9935	224	0.0	-37.36	1.04	1.04	VinkEtal2007
Hv-7095	54.943	5.75	9084	388	0.0	-38.88	1.04	1.04	VinkEtal2007,Behre2003,Behre2007,LudwigEtal1979
