S-ANU-67725	81.56283	-61.4357	6637	231	0.0	31.1	4.09	4.89	GluederEtal2022
S-ANU-65504	81.79924	-59.5085	4926	270	0.0	-2.28	10.95	12.26	GluederEtal2022
S-2301	81.767	-59.133	8834	389	-1.0	55.0	2.0	2.0	England1985
S-ANU-67731	81.58343	-61.2104	9046	264	0.0	86.2	5.34	6.22	GluederEtal2022
HAR-6293	81.58	-61.122	8895	522	-1.0	82.0	5.0	5.0	KellyBennike1985,KellyBennike1992
UCIAMS-175992	81.48907	-61.329	596	157	0.0	-5.3	5.58	6.27	GluederEtal2022
UCIAMS-175993	81.48935	-61.3252	785	178	0.0	-17.32	13.2	14.87	GluederEtal2022
S-2409	81.3	-61.35	8687	384	-1.0	68.0	2.0	2.0	England1985
S-2408	81.767	-59.133	8671	398	-1.0	55.0	2.0	2.0	England1985
SI-5856	82.017	-58.917	9128	319	-1.0	80.0	2.0	2.0	England1985
S-2317	81.583	-60.817	8177	471	-1.0	102.0	2.0	2.0	England1985
S-2316	81.783	-59.133	11720	3650	-1.0	14.0	2.0	2.0	England1985
S-2315	81.783	-59.133	9560	793	-1.0	14.0	2.0	2.0	England1985
S-2314	81.767	-59.1	5291	442	-1.0	10.0	2.0	2.0	England1985
Ua-1228	81.583	-61.167	9022	448	-1.0	44.0	5.0	5.0	KellyBennike1992
S-ANU-67937	81.7992	-59.506	3801	254	0.0	-18.63	12.61	14.44	GluederEtal2022
S-ANU-67732	81.58343	-61.2104	8907	280	0.0	87.26	3.93	4.84	GluederEtal2022
S-ANU-67721	81.56639	-61.4173	5334	232	0.0	30.81	7.68	7.29	GluederEtal2022
S-ANU-66431	81.79981	-59.5101	4386	262	0.0	4.64	7.72	7.22	GluederEtal2022
GSC-3674	82.033	-58.917	6933	303	-1.0	35.0	2.0	2.0	England1985,McNeelyBrennan2005,McNeelyMcCuaig1991
GSC-3744	81.7	-59.6	10909	464	-1.0	110.0	2.0	2.0	England1985,McNeelyBrennan2005,McNeelyMcCuaig1991
