St-2485	77.3095	22.66089	8844	270	0.0	38.2	1.0	1.0	BondevikEtal1995
St-2521	77.3095	22.66089	4102	295	0.0	12.7	1.0	1.0	BondevikEtal1995
St-2522	77.3095	22.66089	4452	334	0.0	15.2	1.0	1.0	BondevikEtal1995
TUa-269	77.452	23.262	12016	397	-1.0	75.0	2.0	2.0	BondevikEtal1995
St-2519	77.3095	22.66089	6061	225	0.0	23.2	1.0	1.0	BondevikEtal1995
St-2873	77.3095	22.66089	620	240	0.0	0.6	1.0	1.0	BondevikEtal1995
St-2523	77.3095	22.66089	2012	282	0.0	4.7	1.0	1.0	BondevikEtal1995
St-2579	77.3095	22.66089	7509	248	0.0	33.2	1.0	1.0	BondevikEtal1995
St-2590	77.3095	22.66089	8758	343	0.0	37.7	1.0	1.0	BondevikEtal1995
St-2660	77.3095	22.66089	1148	178	0.0	1.7	1.0	1.0	BondevikEtal1995
St-2698	77.3095	22.66089	1138	261	0.0	1.7	1.0	1.0	BondevikEtal1995
St-2484	77.3095	22.66089	5470	236	0.0	18.7	1.0	1.0	BondevikEtal1995
St-2819	77.3095	22.66089	615	120	0.0	0.6	1.0	1.0	BondevikEtal1995
S_Edgeoya-1	77.452	23.26	12600	500	1.0	77.5	3.0	3.0	BondevikEtal1995
T-9908	77.446	23.259	11002	408	0.0	70.7	2.0	2.0	BondevikEtal1995
T-9907	77.448	23.262	10889	304	0.0	73.7	2.0	2.0	BondevikEtal1995
St-2520	77.3095	22.66089	10471	243	0.0	51.7	1.0	1.0	BondevikEtal1995
