KIA34078	-68.801	77.89	46255	4941	-1.0	-12.0	2.4000000000000004	2.4000000000000004	IshiwaEtal2021,BergEtal2010b
KIA34077	-68.801	77.89	11637	367	-1.0	-12.0	2.4000000000000004	2.4000000000000004	IshiwaEtal2021,BergEtal2010b
KIA34077	-68.801	77.89	11079	349	-1.0	-12.0	2.4000000000000004	2.4000000000000004	IshiwaEtal2021,BergEtal2010b
KIA34076	-68.801	77.89	176	176	-1.0	-12.0	2.4000000000000004	2.4000000000000004	IshiwaEtal2021,BergEtal2010b
COL1399	-68.811	77.868	8554	312	1.0	11.5	2.3000000000000003	2.3000000000000003	IshiwaEtal2021,BergEtal2016
COL2092	-68.811	77.868	1186	95	1.0	11.5	2.3000000000000003	2.3000000000000003	IshiwaEtal2021,BergEtal2016
Beta305738	-68.825	77.773	10938	214	1.0	-4.0	0.4	0.4	IshiwaEtal2021,HodgsonEtal2016
Beta305739	-68.825	77.773	12824	81	1.0	-4.0	0.4	0.4	IshiwaEtal2021,HodgsonEtal2016
Beta305951	-68.825	77.773	10961	214	1.0	-4.0	0.4	0.4	IshiwaEtal2021,HodgsonEtal2016
KIA34078	-68.801	77.89	38513	930	-1.0	-12.0	2.4000000000000004	2.4000000000000004	IshiwaEtal2021,BergEtal2010b
COL2094	-68.811	77.868	34906	463	1.0	11.5	2.3000000000000003	2.3000000000000003	IshiwaEtal2021,BergEtal2016
COL1397	-68.811	77.868	41122	1118	1.0	11.5	2.3000000000000003	2.3000000000000003	IshiwaEtal2021,BergEtal2016
Beta305737	-68.825	77.773	9862	252	1.0	-4.0	0.4	0.4	IshiwaEtal2021,HodgsonEtal2016
Beta305736	-68.825	77.773	9359	301	-1.0	-4.0	0.4	0.4	IshiwaEtal2021,HodgsonEtal2016
KIA35015	-68.801	77.89	1407	262	-1.0	-12.0	2.4000000000000004	2.4000000000000004	IshiwaEtal2021,BergEtal2010b
KIA35017	-68.801	77.89	5525	290	-1.0	-12.0	2.4000000000000004	2.4000000000000004	IshiwaEtal2021,BergEtal2010b
KIA38368	-68.833	77.927	1920	303	-1.0	-2.0	1.0	1.0	IshiwaEtal2021,BergEtal2010a
KIA38367	-68.833	77.927	873	237	-1.0	-2.0	1.0	1.0	IshiwaEtal2021,BergEtal2010a
KIA38366	-68.833	77.927	4686	308	-1.0	-2.0	1.0	1.0	IshiwaEtal2021,BergEtal2010a
KIA38366	-68.833	77.927	195	182	-1.0	-2.0	1.0	1.0	IshiwaEtal2021,BergEtal2010a
KIA37749	-68.801	77.89	9697	340	-1.0	-12.0	2.4000000000000004	2.4000000000000004	IshiwaEtal2021,BergEtal2010b
KIA37749	-68.801	77.89	9242	277	-1.0	-12.0	2.4000000000000004	2.4000000000000004	IshiwaEtal2021,BergEtal2010b
KIA37748	-68.825	77.773	11395	205	1.0	-4.0	0.4	0.4	IshiwaEtal2021,BergEtal2010b,HodgsonEtal2016
KIA37746	-68.825	77.773	8543	314	-1.0	-4.0	0.4	0.4	IshiwaEtal2021,BergEtal2010b,HodgsonEtal2016
KIA37745	-68.825	77.773	7207	258	-1.0	-4.0	0.4	0.4	IshiwaEtal2021,BergEtal2010b
KIA37745	-68.825	77.773	7153	266	-1.0	-4.0	0.4	0.4	IshiwaEtal2021,BergEtal2010b
KIA37743	-68.825	77.773	2628	278	-1.0	-4.0	0.4	0.4	IshiwaEtal2021,BergEtal2010b
KIA37742	-68.825	77.773	191	177	-1.0	-4.0	0.4	0.4	IshiwaEtal2021,BergEtal2010b
KIA37742	-68.825	77.773	133	133	-1.0	-4.0	0.4	0.4	IshiwaEtal2021,BergEtal2010b
KIA35025	-68.801	77.89	41892	1161	-1.0	-12.0	2.4000000000000004	2.4000000000000004	IshiwaEtal2021,BergEtal2010b
KIA35025	-68.801	77.89	47241	5008	-1.0	-12.0	2.4000000000000004	2.4000000000000004	IshiwaEtal2021,BergEtal2010b
KIA35024	-68.801	77.89	49214	4969	-1.0	-12.0	2.4000000000000004	2.4000000000000004	IshiwaEtal2021,BergEtal2010b
KIA35024	-68.801	77.89	32650	657	-1.0	-12.0	2.4000000000000004	2.4000000000000004	IshiwaEtal2021,BergEtal2010b
KIA35023	-68.801	77.89	40666	2072	-1.0	-12.0	2.4000000000000004	2.4000000000000004	IshiwaEtal2021,BergEtal2010b
KIA35022	-68.801	77.89	13497	321	-1.0	-12.0	2.4000000000000004	2.4000000000000004	IshiwaEtal2021,BergEtal2010b
KIA35021	-68.801	77.89	7736	571	-1.0	-12.0	2.4000000000000004	2.4000000000000004	IshiwaEtal2021,BergEtal2010b
KIA35020	-68.801	77.89	7751	263	-1.0	-12.0	2.4000000000000004	2.4000000000000004	IshiwaEtal2021,BergEtal2010b
KIA35020	-68.801	77.89	8072	257	-1.0	-12.0	2.4000000000000004	2.4000000000000004	IshiwaEtal2021,BergEtal2010b
KIA35019	-68.801	77.89	7080	307	-1.0	-12.0	2.4000000000000004	2.4000000000000004	IshiwaEtal2021,BergEtal2010b
KIA35016	-68.801	77.89	3707	337	-1.0	-12.0	2.4000000000000004	2.4000000000000004	IshiwaEtal2021,BergEtal2010b
COL2093	-68.811	77.868	7598	81	1.0	11.5	2.3000000000000003	2.3000000000000003	IshiwaEtal2021,BergEtal2016
