DIC-1277	58.9	-69.88	6869	345	-1.0	30.0	1.6	1.6	GrayEtal1993
GX-5091	58.9	-69.88	6853	459	1.0	145.0	2.6	2.6	GrayEtal1993
DIC-1517	58.75	-70.0	5516	223	-1.0	25.0	2.9	2.9	SimonEtal2016
unknown	58.65	-69.99	1117	146	-1.0	4.0	2.6	2.6	SimonEtal2016
BETA-25727	58.36	-68.24	4286	354	0.0	37.0	3.7	3.7	PienitzEtal1991
BETA-25713	58.36	-68.24	4894	409	0.0	37.0	3.7	3.7	PienitzEtal1991
BETA-26569	58.36	-68.38	4603	227	1.0	45.0	1.1	1.1	PienitzEtal1991
BETA-26570	58.36	-68.38	5609	279	0.0	42.0	3.8	3.8	PienitzEtal1991
BETA-25715	58.36	-68.24	3389	343	1.0	40.0	2.1	2.1	PienitzEtal1991
MBN-198	58.13	-67.8	7298	263	-1.0	92.7	3.7	3.7	Gray2001
TO-5677	57.65	-69.49	7241	218	-1.0	17.7	2.9	2.9	Gray2001
