HV-3842	54.28	-3.42	3026	269	0.0	2.79	0.34	0.34	Tooley1974,Tooley1978,ShennanEtal2018
HV-3841	54.26	-3.19	5699	232	0.0	-0.76	0.21	0.21	Tooley1974,Tooley1978,ShennanEtal2018
HV-3840	54.25	-3.2	5429	292	0.0	0.67	0.21	0.21	Tooley1974,Tooley1978,ShennanEtal2018
HV-3843	54.31	-3.41	8002	274	1.0	-1.69	2.37	2.37	LloydEtal2013,ShennanEtal2018
Beta-228769	54.37	-3.47	10656	385	1.0	-4.57	0.17	0.17	LloydEtal2013,ShennanEtal2018
Beta-228344	54.37	-3.43	7914	222	0.0	-1.32	0.26	0.26	LloydEtal2013,ShennanEtal2018
Beta-228343	54.37	-3.43	7382	194	0.0	-0.02	0.26	0.26	LloydEtal2013,ShennanEtal2018
Beta-199783	54.36	-3.43	2602	240	1.0	1.4	0.17	0.17	LloydEtal2013,ShennanEtal2018
Beta-199784	54.36	-3.41	8954	338	0.0	-2.75	0.26	0.26	LloydEtal2013,ShennanEtal2018
HV-5221	54.35	-3.41	10673	396	0.0	-5.09	0.34	0.34	Tooley1969,ShennanEtal2018
HV-5227	54.31	-3.41	7108	304	0.0	-1.15	0.35	0.35	Tooley1974,Tooley1978,ShennanEtal2018
Beta-203656	54.36	-3.41	7816	186	0.0	-0.61	0.26	0.26	LloydEtal2013,ShennanEtal2018
Beta-98878	54.49	-3.59	13692	313	1.0	1.56	2.27	2.27	MerrittAuton2000,ShennanEtal2018
Beta-212432	54.36	-3.41	5159	284	0.0	0.65	0.26	0.26	LloydEtal2013,ShennanEtal2018
Beta-212433	54.36	-3.41	6901	266	0.0	0.49	0.26	0.26	LloydEtal2013,ShennanEtal2018
Beta-212431	54.37	-3.42	16576	388	0.0	2.29	0.26	0.26	LloydEtal2013,ShennanEtal2018
Beta-228340	54.37	-3.42	15800	359	0.0	2.17	0.26	0.26	LloydEtal2013,ShennanEtal2018
Beta-228342	54.36	-3.41	7734	196	0.0	-1.16	0.26	0.26	LloydEtal2013,ShennanEtal2018
Beta-228341	54.36	-3.41	5975	283	0.0	0.19	0.26	0.26	LloydEtal2013,ShennanEtal2018
