GX-10540	-33.238	115.698	5850	454	0.0	-2.5	3.0	3.0	Semeniuk1985,LewisEtal2013
GX-12615	-32.818	115.647	5747	279	0.0	3.0	3.0	3.0	Semeniuk1996,LewisEtal2013
GX-12618	-32.818	115.647	5031	643	0.0	2.0	3.0	3.0	Semeniuk1996,LewisEtal2013
GX-12656	-32.881	115.664	6198	241	0.0	1.0	3.0	3.0	Semeniuk1996,LewisEtal2013
GX-12917	-33.086	115.697	5950	246	0.0	-1.0	3.0	3.0	Semeniuk1996,LewisEtal2013
GX-10539	-33.238	115.691	6868	549	0.0	-2.5	3.0	3.0	Semeniuk1985,LewisEtal2013
GX-12918	-33.086	115.697	6498	495	0.0	-1.0	3.0	3.0	Semeniuk1996,LewisEtal2013
GX-12920	-33.086	115.697	3778	270	0.0	1.5	3.0	3.0	Semeniuk1996,LewisEtal2013
GX-7218	-33.247	115.682	4293	440	0.0	3.5	3.0	3.0	Semeniuk1985,LewisEtal2013
GX-9227	-33.252	115.682	4524	547	0.0	3.5	3.0	3.0	Semeniuk1985,LewisEtal2013
GX-9228	-33.251	115.682	3998	526	0.0	3.5	3.0	3.0	Semeniuk1985,LewisEtal2013
GX-10550	-33.273	115.69	2496	458	0.0	0.0	3.0	3.0	Semeniuk1985,LewisEtal2013
I-10195	-33.583	115.467	5217	336	0.0	1.2	2.0	2.0	SearleLogan1978,BuckleyValdesPages1981,LewisEtal2013
GX-10538	-33.259	115.692	6052	435	0.0	-2.5	3.0	3.0	Semeniuk1985,LewisEtal2013
Wk-12787	-33.58	115.1	4182	209	0.0	1.5	0.25	0.25	BakerEtal2005,LewisEtal2013
Wk-12788	-33.58	115.1	2730	170	0.0	1.0	0.25	0.25	BakerEtal2005,LewisEtal2013
Wk-12789	-33.58	115.1	4774	211	0.0	1.4	0.25	0.25	BakerEtal2005,LewisEtal2013
GX-9229	-33.257	115.683	5413	515	0.0	3.5	3.0	3.0	Semeniuk1985,LewisEtal2013
I-10196	-33.583	115.467	547	209	0.0	0.0	5.0	5.0	SearleLogan1978,BuckleyValdesPages1981,LewisEtal2013
GX-10541	-33.237	115.684	7134	649	0.0	-2.5	3.0	3.0	Semeniuk1985,LewisEtal2013
Wk-12793	-33.537	115.031	969	171	0.0	0.8	0.25	0.25	BakerEtal2005,LewisEtal2013
GX-10543	-33.257	115.689	7213	600	0.0	-2.5	3.0	3.0	Semeniuk1985,LewisEtal2013
