TO-NW-35c	-18.41	119.952	15556	368	0	-108.0	10.0	1.0	JamesEtal2004,LewisEtal2014
TO-NW-35b	-18.41	119.952	15334	334	0	-108.0	10.0	1.0	JamesEtal2004,LewisEtal2014
TO-NW-34c	-18.337	119.895	14544	381	0	-123.0	10.0	1.0	JamesEtal2004,LewisEtal2014
TO-NW-35a	-18.337	119.895	13992	327	0	-108.0	10.0	1.0	JamesEtal2004,LewisEtal2014
TO-NW-34b	-18.337	119.895	13786	259	0	-123.0	10.0	1.0	JamesEtal2004,LewisEtal2014
TO-NW-34a	-18.337	119.895	12801	192	0	-123.0	10.0	1.0	JamesEtal2004,LewisEtal2014
Beta-NW-33	-18.098	119.713	9914	226	0	-148.0	10.0	1.0	JamesEtal2004,LewisEtal2014
TO-NW-64c	-17.035	117.953	15650	333	0	-124.0	10.0	1.0	JamesEtal2004,LewisEtal2014
TO-NW-64b	-17.035	117.953	14612	378	0	-124.0	10.0	1.0	JamesEtal2004,LewisEtal2014
TO-NW-64a	-17.035	117.953	13685	265	0	-124.0	10.0	1.0	JamesEtal2004,LewisEtal2014
