Ruhnu-3	57.79	23.26	3390	220	0.0	4.67	0.58	0.58	MuruEtal2018,RosentauEtal2023
Gipka-1	57.58	22.63	8370	120	0.0	3.05	0.58	0.58	RosentauEtal2023
Gipka-3	57.58	22.63	7280	150	0.0	9.0	0.58	0.58	RosentauEtal2023
Gipka-2	57.58	22.63	7680	100	0.0	5.0	1.04	1.04	RosentauEtal2023
Tln-3252	57.15	23.06	8709	251	1.0	-1.89	0.5076416058598822	0.5051732376126036	Grudzinska2011,Pujate2015,RosentauEtal2021
Ruhnu-8	57.8	23.26	6210	500	0.0	9.17	0.58	0.58	MuruEtal2018,RosentauEtal2023
Tln-22	57.57	22.62	4616	185	-1.0	2.88	0.5035871324805669	0.5034878350069641	PunningEtal1973,Veinbergs1996,Eberhards2006,RosentauEtal2021
Ruhnu-7	57.8	23.26	5860	500	0.0	8.67	0.58	0.58	MuruEtal2018,RosentauEtal2023
Ruhnu-6	57.8	23.26	5180	400	0.0	8.17	0.58	0.58	MuruEtal2018,RosentauEtal2023
Tln-13	57.57	22.62	5091	208	-1.0	2.28	0.5038849074937649	0.5034878350069641	PunningEtal1973,Veinbergs1996,Eberhards2006,RosentauEtal2021
Ruhnu-11	57.8	23.25	6910	580	0.0	9.67	0.58	0.58	MuruEtal2018,RosentauEtal2023
Ruhnu-5	57.79	23.26	4550	310	0.0	7.67	0.58	0.58	MuruEtal2018,RosentauEtal2023
Ruhnu-2	57.79	23.26	2760	260	0.0	3.67	0.58	0.58	MuruEtal2018,RosentauEtal2023
Tln-10	57.57	22.62	9968	228	1.0	0.45	0.5086255990411808	0.5050742519669756	PunningEtal1973,Veinbergs1996,Eberhards2006,RosentauEtal2021
Ruhnu-4	57.79	23.27	3850	250	0.0	6.67	0.58	0.58	MuruEtal2018,RosentauEtal2023
Tln-3251	57.15	23.06	7756	213	-1.0	-1.59	0.5067543783727971	0.5051732376126036	Grudzinska2011,Pujate2015,RosentauEtal2021
Tln-3253	57.15	23.06	9228	189	1.0	-2.19	0.5076416058598822	0.5051732376126036	Grudzinska2011,Pujate2015,RosentauEtal2021
Poz-107868	57.58	22.63	9035	369	1.0	2.8	0.39	0.39	RosentauEtal2023
FTMC-UZ29-7	57.58	22.63	5134	154	1.0	9.5	0.58	0.58	RosentauEtal2023
Poz-107869	57.58	22.63	8234	194	1.0	3.04	0.39	0.39	RosentauEtal2023
Poz-110080	57.58	22.63	7588	194	-1.0	3.59	0.39	0.39	RosentauEtal2023
Poz-107836	57.58	22.63	4658	264	1.0	6.3	0.39	0.39	RosentauEtal2023
