IGAN-3969_GIN-13094	66.55	33.08	7552	303	1.0	62.8599	5.0990195135927845	5.0990195135927845	RomanenkoShilova2012,BaranskayaEtal2018
Rugozerskiy_Peninsula-2	66.55	33.1	9800	1000	0.0	79.12675	2.5345508601130895	2.5345508601130895	Baranskaya2015,BaranskayaEtal2018
Rugozerskiy_Peninsula-1	66.55	33.11	1550	200	0.0	3.1267500000000004	0.4170708123328699	0.4170708123328699	Baranskaya2015,BaranskayaEtal2018
GIN-12635	66.55	33.11	9290	354	0.0	72.0	5.224923732457728	5.224923732457728	RomanenkoShilova2012,BaranskayaEtal2018
GIN-13106	66.54	33.14	5043	404	0.0	27.5	5.224923732457728	5.224923732457728	RomanenkoShilova2012,BaranskayaEtal2018
GIN-12652	66.55	33.14	374	273	1.0	3.8598999999999997	5.0990195135927845	5.0990195135927845	RomanenkoShilova2012,BaranskayaEtal2018
GIN-12655	66.55	33.04	814	230	1.0	2.8598999999999997	5.0990195135927845	5.0990195135927845	RomanenkoShilova2012,BaranskayaEtal2018
IGAN-3971	66.54	33.08	4533	385	1.0	35.8599	5.0990195135927845	5.0990195135927845	RomanenkoShilova2012,BaranskayaEtal2018
GIN-13125	66.54	33.1	9462	425	0.0	87.0	5.224923732457728	5.224923732457728	RomanenkoShilova2012,BaranskayaEtal2018
GIN-14388ha	66.55	33.09	8431	1092	-1.0	25.0	2.5020191845787276	2.5020191845787276	ZaretskayaEtal2013,BaranskayaEtal2018
GIN-15054	66.57	33.09	28	54	1.0	5.8599	2.5046406927940783	2.5046406927940783	RepkinaRomanenko2016,BaranskayaEtal2018
GIN-15055	66.61	33.3	28	54	1.0	-0.34010000000000007	2.5088923850974556	2.5046406927940783	RepkinaRomanenko2016,BaranskayaEtal2018
GIN-15056	66.61	33.25	45	46	1.0	-0.34010000000000007	2.5151789200770587	2.5046406927940783	RepkinaRomanenko2016,BaranskayaEtal2018
GIN-12641	66.49	33.38	437	248	1.0	3.8598999999999997	5.0990195135927845	5.0990195135927845	Baranskaya2015,BaranskayaEtal2018
IGAN-3972_GIN-13115	66.55	33.05	2177	420	0.0	11.0	5.224923732457728	5.224923732457728	RomanenkoShilova2012,BaranskayaEtal2018
