GaK-7902	-22.3	114.2	5153	308	0	1.0	5.0	5.0	LoganEtal1970,LewisEtal2013
MBH1-01	-21.957	114.143	6681	24	0	-4.36	10.0	1.0	TwiggsCollins2010,LewisEtal2013
MBH1-03	-21.957	114.143	7253	28	0	-6.39	10.0	1.0	TwiggsCollins2010,LewisEtal2013
MBH1-06	-21.957	114.143	7500	86	0	-8.83	10.0	1.0	TwiggsCollins2010,LewisEtal2013
MBH11-01	-21.957	114.143	6519	24	0	-3.23	10.0	1.0	TwiggsCollins2010,LewisEtal2013
MBH11-02	-21.957	114.143	7045	42	0	-4.53	10.0	1.0	TwiggsCollins2010,LewisEtal2013
MBH2-01	-21.957	114.143	6427	62	0	-3.66	10.0	1.0	TwiggsCollins2010,LewisEtal2013
MBH2-03	-21.957	114.143	7498	80	0	-7.01	10.0	1.0	TwiggsCollins2010,LewisEtal2013
MBH3-01	-21.957	114.143	6336	162	0	-3.99	10.0	1.0	TwiggsCollins2010,LewisEtal2013
MBH3-03	-21.957	114.143	6998	30	0	-7.34	10.0	1.0	TwiggsCollins2010,LewisEtal2013
MBH4-02	-21.957	114.143	7143	46	0	-6.11	10.0	1.0	TwiggsCollins2010,LewisEtal2013
MBH4-03	-21.957	114.143	7929	318	0	-7.81	10.0	1.0	TwiggsCollins2010,LewisEtal2013
MBH5-01	-21.957	114.143	7000	24	0	-5.55	10.0	1.0	TwiggsCollins2010,LewisEtal2013
MBH5-02	-21.957	114.143	7562	36	0	-7.7	10.0	1.0	TwiggsCollins2010,LewisEtal2013
MBH6-01	-21.957	114.143	5800	76	0	-4.06	10.0	1.0	TwiggsCollins2010,LewisEtal2013
MBH6-02	-21.957	114.143	6779	44	0	-5.49	10.0	1.0	TwiggsCollins2010,LewisEtal2013
MBH6-05	-21.957	114.143	7165	52	0	-7.61	10.0	1.0	TwiggsCollins2010,LewisEtal2013
