BETA-63124	43.701	-69.824	7695	249	-1.0	-25.6242	3.0242364738889056	3.0242364738889056	BarnhardtEtal1995,EngelhartHorton2012
BETA-63125	43.701	-69.824	7518	223	-1.0	-25.6243	3.024252014961716	3.024252014961716	BarnhardtEtal1995,EngelhartHorton2012
BETA-69336	44.414	-68.857	9084	302	-1.0	-27.4044	3.0243682332017707	3.0243682332017707	BarnhardtEtal1995,EngelhartHorton2012
BETA-69337	44.414	-68.857	9090	285	-1.0	-27.4044	3.024413346419434	3.024413346419434	BarnhardtEtal1995,EngelhartHorton2012
GX-11004	44.119	-68.869	5996	302	-1.0	-11.2454	0.7953772689736613	0.7953772689736613	KelleyEtal1992,EngelhartHorton2012
GX-11005	44.119	-68.869	5525	314	-1.0	-7.5954	0.7953772689736613	0.7953772689736613	KelleyEtal1992,EngelhartHorton2012
OS-1860	43.707	-69.794	9070	260	-1.0	-26.6244	3.0244172992495595	3.0244172992495595	KelleyEtal1992,EngelhartHorton2012
OS-1862	43.707	-69.794	8934	282	-1.0	-26.6244	3.0244172992495595	3.0244172992495595	KelleyEtal1992,EngelhartHorton2012
PITT-0585	43.7	-69.767	9563	346	-1.0	-24.2644	3.0244172992495595	3.0244172992495595	KelleyEtal1992,EngelhartHorton2012
PITT-0586	43.7	-69.767	9775	351	-1.0	-24.3644	3.0244172992495595	3.0244172992495595	KelleyEtal1992,EngelhartHorton2012
PITT-0587	43.7	-69.767	7489	270	-1.0	-24.5144	3.0244172992495595	3.0244172992495595	KelleyEtal1992,EngelhartHorton2012
PiTT-0737	43.717	-70.167	9616	292	-1.0	-24.1147	3.0247479233813848	3.0247479233813848	KelleyEtal1992,EngelhartHorton2012
PITT-0739	43.533	-70.217	195	184	-1.0	-54.3144	3.0244172992495595	3.0244172992495595	KelleyEtal1992,EngelhartHorton2012
PITT-0741	43.533	-70.217	6041	389	-1.0	-51.5144	3.0244172992495595	3.0244172992495595	KelleyEtal1992,EngelhartHorton2012
PITT-0744	43.7	-69.767	9432	345	-1.0	-22.6144	3.0244172992495595	3.0244172992495595	KelleyEtal1992,EngelhartHorton2012
PITT-0745	43.7	-69.767	10233	317	-1.0	-22.71441729924956	3.0244172992495595	3.0244172992495595	KelleyEtal1992,EngelhartHorton2012
PITT-0746	43.7	-69.767	10345	288	-1.0	-22.91441729924956	3.0244172992495595	3.0244172992495595	KelleyEtal1992,EngelhartHorton2012
PITT-0747	43.7	-69.767	9784	337	-1.0	-24.7144	3.0244172992495595	3.0244172992495595	KelleyEtal1992,EngelhartHorton2012
PITT-0748	43.7	-69.767	8516	305	-1.0	-22.8644	3.0244172992495595	3.0244172992495595	KelleyEtal1992,EngelhartHorton2012
PITT-0749	43.7	-69.767	9760	295	-1.0	-23.9144	3.0244172992495595	3.0244172992495595	KelleyEtal1992,EngelhartHorton2012
PITT-0753	43.683	-69.917	639	171	-1.0	-37.9144	3.0244172992495595	3.0244172992495595	BarnhardtEtal1995,EngelhartHorton2012
PITT-0754	43.683	-69.917	1979	263	-1.0	-39.0144	3.0244172992495595	3.0244172992495595	BarnhardtEtal1995,EngelhartHorton2012
PITT-0755	43.683	-69.917	2450	562	-1.0	-42.1146	3.02456608458139	3.02456608458139	BelknapEtal1989,EngelhartHorton2012
PITT-0756	43.8	-69.85	8543	299	-1.0	-46.1144	3.0244172992495595	3.0244172992495595	BelknapEtal1989,EngelhartHorton2012
AA-33346	43.292	-70.573	486	142	0.0	-0.6	0.43	0.43	GehrelsEtal1996,EngelhartHorton2012
AA-33347	43.292	-70.573	790	101	0.0	-0.68	0.43	0.43	GehrelsEtal1996,EngelhartHorton2012
AA-33348	43.292	-70.573	930	126	0.0	-0.77	0.43	0.43	GehrelsEtal1996,EngelhartHorton2012
AA-33349	43.292	-70.573	1058	113	0.0	-0.82	0.43	0.43	GehrelsEtal1996,EngelhartHorton2012
AA-8208	43.292	-70.573	4761	206	0.0	-2.95	0.3847	0.3847	GehrelsEtal1996,EngelhartHorton2012
AA-8209	43.292	-70.573	5463	129	0.0	-4.15	0.3865	0.3865	KelleyEtal1995,EngelhartHorton2012
AA-8212	43.742	-69.832	5704	187	0.0	-6.49	0.41	0.41	KelleyEtal1995,EngelhartHorton2012
AA-8937	43.752	-69.822	906	142	0.0	-0.62	0.4	0.4	GehrelsEtal1996,EngelhartHorton2012
AA-8938	43.752	-69.822	2763	188	0.0	-1.89	0.4	0.4	GehrelsEtal1996,EngelhartHorton2012
AA-8939	43.752	-69.822	4818	222	0.0	-3.09	0.4	0.4	GehrelsEtal1996,EngelhartHorton2012
AA-8940	43.742	-69.832	2921	148	0.0	-1.71	0.4	0.4	BelknapEtal1989,EngelhartHorton2012
BETA-106461	43.292	-70.573	252	223	0.0	-0.53	0.43	0.43	BelknapEtal1989,EngelhartHorton2012
BETA-106462	43.292	-70.573	1097	147	0.0	-0.88	0.43	0.43	BelknapEtal1989,EngelhartHorton2012
Beta-44061	43.292	-70.573	879	124	0.0	-0.67	0.3843	0.3843	BelknapEtal1989,EngelhartHorton2012
Beta-44062	43.292	-70.573	2115	183	0.0	-1.58	0.3846	0.3846	BelknapEtal1989,EngelhartHorton2012
Beta-44063	43.292	-70.573	2567	180	0.0	-2.38	0.39	0.39	BelknapEtal1989,EngelhartHorton2012
Beta-44064	43.292	-70.573	3797	173	0.0	-3.01	0.3854	0.3854	BelknapEtal1989,EngelhartHorton2012
BETA-50161	43.752	-69.822	5753	147	0.0	-6.9	0.41	0.41	BelknapEtal1989,EngelhartHorton2012
BETA-52188	43.752	-69.822	4158	211	0.0	-3.03	0.41	0.41	BelknapEtal1989,EngelhartHorton2012
GX-11006	44.176	-68.825	2144	328	0.0	-1.51	0.9353	0.9353	KelleyEtal1995,EngelhartHorton2012
GX-11007	44.176	-68.825	3489	387	0.0	-2.26	0.9353	0.9353	KelleyEtal1995,EngelhartHorton2012
PITT-0896	43.34	-70.541	328	162	0.0	-0.725	0.3871	0.3871	GehrelsEtal1996,EngelhartHorton2012
PITT-0897	43.34	-70.541	1051	124	0.0	-1.265	0.3859	0.3859	KelleyEtal1995,EngelhartHorton2012
PITT-0900	43.34	-70.541	5028	210	0.0	-2.23	0.69	0.69	GehrelsEtal1996,EngelhartHorton2012
PITT-0902	43.34	-70.541	681	295	0.0	-0.36	0.76	0.76	GehrelsEtal1996,EngelhartHorton2012
PITT-0906	43.292	-70.573	2202	147	0.0	-1.34	0.69	0.69	GehrelsEtal1996,EngelhartHorton2012
PITT-0907	43.292	-70.573	4790	171	0.0	-3.595	0.3869	0.3869	KelleyEtal1995,EngelhartHorton2012
PITT-0909	43.292	-70.573	3243	202	0.0	-2.6	0.3856	0.3856	KelleyEtal1995,EngelhartHorton2012
PITT-0912	43.292	-70.573	3905	180	0.0	-2.88	0.69	0.69	KelleyEtal1995,EngelhartHorton2012
PITT-0916	43.292	-70.573	1964	115	0.0	-1.335	0.3898	0.3898	KelleyEtal1995,EngelhartHorton2012
PITT-0917	43.292	-70.573	4364	426	0.0	-2.8	0.4046	0.4046	KelleyEtal1995,EngelhartHorton2012
PITT-0918	43.292	-70.573	3526	157	0.0	-2.9	0.3881	0.3881	KelleyEtal1995,EngelhartHorton2012
PITT-0920	43.292	-70.573	3596	132	0.0	-1.75	0.39	0.39	KelleyEtal1995,EngelhartHorton2012
PITT-0965	43.752	-69.822	5158	275	0.0	-4.13	0.4	0.4	KelleyEtal1995,EngelhartHorton2012
PITT-0967	43.752	-69.822	3796	379	0.0	-3.57	0.41	0.41	KelleyEtal1995,EngelhartHorton2012
PITT-0968	43.752	-69.822	3705	128	0.0	-2.33	0.41	0.41	KelleyEtal1995,EngelhartHorton2012
SI-6546	43.752	-69.822	156	137	0.0	-1.0	0.8424	0.8424	KelleyEtal1995,EngelhartHorton2012
SI-6547	43.752	-69.822	2585	166	0.0	-2.91	0.8424	0.8424	KelleyEtal1995,EngelhartHorton2012
SI-6549	43.752	-69.822	577	74	0.0	-1.485	0.8426	0.8426	KelleyEtal1995,EngelhartHorton2012
SI-6550	43.752	-69.822	1207	117	0.0	-1.48	0.8424	0.8424	KelleyEtal1995,EngelhartHorton2012
SI-6551	43.752	-69.822	1434	129	0.0	-1.85	0.8433	0.8433	GehrelsEtal2002,EngelhartHorton2012
SI-6553	43.752	-69.822	2126	170	0.0	-1.475	1.0804	1.0804	GehrelsEtal2002,EngelhartHorton2012
SI-6555	43.752	-69.822	3008	197	0.0	-1.995	0.843	0.843	GehrelsEtal2002,EngelhartHorton2012
SI-6617	43.964	-69.571	7200	162	0.0	-15.31	0.4	0.4	GehrelsEtal2002,EngelhartHorton2012
SI-6618	43.292	-70.573	1408	107	0.0	-0.95	0.3863	0.3863	GehrelsEtal2002,EngelhartHorton2012
SI-6619	43.292	-70.573	3265	176	0.0	-1.555	0.386	0.386	GehrelsEtal2002,EngelhartHorton2012
SI-6620	43.292	-70.573	4270	159	0.0	-3.14	0.3885	0.3885	GehrelsEtal1996,EngelhartHorton2012
SI-6621	43.292	-70.573	1245	108	0.0	-1.17	0.3854	0.3854	GehrelsEtal1996,EngelhartHorton2012
SI-6622	43.292	-70.573	1670	122	0.0	-0.96	0.69	0.69	GehrelsEtal1996,EngelhartHorton2012
SI-6623	43.292	-70.573	5908	211	0.0	-5.845	0.3911	0.3911	GehrelsEtal1996,EngelhartHorton2012
SI-6624	43.292	-70.573	2560	186	0.0	-1.85	0.69	0.69	GehrelsEtal1996,EngelhartHorton2012
SI-6625	43.292	-70.573	4189	191	0.0	-4.19	0.3881	0.3881	GehrelsEtal1996,EngelhartHorton2012
SI-6626	43.292	-70.573	5066	204	0.0	-5.085	0.3886	0.3886	GehrelsEtal1996,EngelhartHorton2012
SI-6627	43.292	-70.573	3285	174	0.0	-2.24	0.3859	0.3859	GehrelsEtal1996,EngelhartHorton2012
SI-6628	43.292	-70.573	4067	154	0.0	-2.92	0.3864	0.3864	GehrelsEtal1996,EngelhartHorton2012
SI-6629	43.292	-70.573	4732	166	0.0	-3.79	0.3871	0.3871	KelleyEtal1995,EngelhartHorton2012
GX-11008	44.176	-68.825	4121	563	1.0	-0.5246	0.8	0.8	BelknapEtal1989,EngelhartHorton2012
PITT-0913	43.32	-70.58	5104	203	1.0	-2.0605	0.16449999999999998	0.16449999999999998	KelleyEtal1995,EngelhartHorton2012
PITT-0962	43.32	-70.58	5191	126	1.0	-1.2349	0.2551470164434615	0.2551470164434615	KelleyEtal1995,EngelhartHorton2012
PITT-0963	43.32	-70.58	3488	83	1.0	-1.2349	0.2551470164434615	0.2551470164434615	Bloom1963,EngelhartHorton2012
W-396	43.32	-70.58	3188	405	1.0	2.8315	0.7315052973150639	0.7315052973150639	Bloom1963,EngelhartHorton2012
W-508	43.32	-70.58	2944	501	1.0	3.9015	0.7315052973150639	0.7315052973150639	KelleyEtal1995,EngelhartHorton2012
