SRR-2454	50.79	0.29	3668	254	0.0	-1.53	0.21	0.21	Devoy1982,ShennanEtal2018
Beta-105863	50.8	0.29	3431	328	0.0	-3.25	0.7	0.7	JenningsEtal2003,ShennanEtal2018
Beta-105862	50.8	0.29	2500	276	0.0	-2.76	0.22	0.22	JenningsEtal2003,ShennanEtal2018
SRR-379	50.79	0.33	9869	316	0.0	-28.35	0.26	0.26	Devoy1982,ShennanEtal2018
SRR-380	50.79	0.33	10799	382	1.0	-29.76	2.09	2.09	Devoy1982,ShennanEtal2018
Beta-117409	50.8	0.29	2595	253	0.0	-2.53	0.22	0.22	JenningsEtal2003,ShennanEtal2018
Q-690	50.89	-0.55	2738	377	0.0	-1.37	0.25	0.25	Devoy1982,ShennanEtal2018
Beta-105864	50.8	0.29	3726	263	0.0	-3.35	0.7	0.7	JenningsEtal2003,ShennanEtal2018
Beta-105865	50.8	0.29	3886	297	0.0	-3.67	0.22	0.22	JenningsEtal2003,ShennanEtal2018
GrA-23799	50.6	-0.55	10628	371	1.0	-40.28	1.7	1.7	GuptaEtal2008,ShennanEtal2018
Beta-105868	50.8	0.29	3141	273	0.0	-2.91	0.7	0.7	JenningsEtal2003,ShennanEtal2018
Birm-168	50.87	0.01	7136	434	1.0	-10.13	1.99	1.99	Devoy1982,ShennanEtal2018
SRR-2452	50.79	0.33	9869	305	0.0	-28.15	0.23	0.23	Devoy1982,ShennanEtal2018
GrA-23802	50.62	-0.47	9908	322	1.0	-33.98	1.7	1.7	GuptaEtal2008,ShennanEtal2018
GrA-23803	50.63	-0.35	11191	419	1.0	-43.68	1.7	1.7	GuptaEtal2008,ShennanEtal2018
SRR-3217	50.81	0.27	3369	320	0.0	-2.63	0.21	0.21	JenningsEtal2003,ShennanEtal2018
SRR-3216	50.81	0.27	3250	309	0.0	-2.2	0.7	0.7	JenningsEtal2003,ShennanEtal2018
SRR-3215	50.81	0.27	2350	346	0.0	-1.35	0.21	0.21	JenningsEtal2003,ShennanEtal2018
SRR-2685	50.86	0.51	6744	289	0.0	-8.92	0.21	0.21	Devoy1982,ShennanEtal2018
SRR-2682	50.86	0.53	6614	288	0.0	-9.65	0.21	0.21	Devoy1982,ShennanEtal2018
SRR-2681	50.86	0.52	5947	306	0.0	-7.35	0.21	0.21	Devoy1982,ShennanEtal2018
SRR-2680	50.86	0.52	2165	309	0.0	-3.07	0.21	0.21	Devoy1982,ShennanEtal2018
SRR-2455	50.79	0.29	4126	292	0.0	-2.2	0.21	0.21	Devoy1982,ShennanEtal2018
Beta-105867	50.8	0.29	3005	253	0.0	-2.45	0.22	0.22	JenningsEtal2003,ShennanEtal2018
SRR-2683	50.86	0.52	6887	315	0.0	-10.46	0.21	0.21	Devoy1982,ShennanEtal2018
Beta-135993	50.8	0.29	3677	290	0.0	-4.25	0.22	0.22	JenningsEtal2003,ShennanEtal2018
Beta-135992	50.8	0.29	3916	377	0.0	-3.6	0.7	0.7	JenningsEtal2003,ShennanEtal2018
Beta-135991	50.8	0.29	2709	333	0.0	-3.25	0.22	0.22	JenningsEtal2003,ShennanEtal2018
GrN-28213	50.62	-0.46	10861	325	1.0	-40.08	1.7	1.7	GuptaEtal2008,ShennanEtal2018
GrN-28212	50.65	-0.37	10210	441	1.0	-33.78	1.7	1.7	GuptaEtal2008,ShennanEtal2018
GrN-24658	50.65	-0.4	9908	322	1.0	-30.48	1.7	1.7	GuptaEtal2008,ShennanEtal2018
GrN-24569	50.65	-0.4	10413	276	1.0	-33.98	1.7	1.7	GuptaEtal2008,ShennanEtal2018
Beta-127566	50.86	0.05	7063	268	1.0	-7.24	1.9	1.9	WallerEarly2015,ShennanEtal2018
Beta-127565	50.86	0.05	6355	280	1.0	-6.46	1.9	1.9	WallerEarly2015,ShennanEtal2018
Beta-127564	50.86	0.05	5352	289	0.0	-6.75	0.5	0.5	WallerEarly2015,ShennanEtal2018
OxA-12976b	50.65	-0.43	10656	385	1.0	-36.78	1.7	1.7	GuptaEtal2008,ShennanEtal2018
OxA-12976a	50.65	-0.43	9889	314	1.0	-34.38	1.7	1.7	GuptaEtal2008,ShennanEtal2018
Beta-117544	50.86	0.05	3941	317	0.0	-5.42	0.21	0.21	WallerEarly2015,ShennanEtal2018
Beta-117410	50.8	0.29	4660	314	0.0	-3.47	0.22	0.22	JenningsEtal2003,ShennanEtal2018
