AA-54114	55.79	-5.56	10253	346	1.0	9.29	0.3	0.3	ShennanEtal2006,ShennanEtal2018
AA-54115	55.79	-5.56	12145	453	0.0	9.6	0.3	0.3	ShennanEtal2006,ShennanEtal2018
AA-54116	55.79	-5.56	11910	537	0.0	9.6	0.3	0.3	ShennanEtal2006,ShennanEtal2018
AA-44926	55.78	-5.56	1758	271	0.0	2.23	0.23	0.23	ShennanEtal2006,ShennanEtal2018
AA-44927	55.78	-5.56	1740	263	0.0	2.21	0.23	0.23	ShennanEtal2006,ShennanEtal2018
SUERC-13655	55.8	-5.56	14684	341	-1.0	17.2	0.65	0.65	PeacockEtal2012,ShennanEtal2018
AA-54117	55.8	-5.56	14594	471	0.0	17.0	0.51	0.51	ShennanEtal2006,ShennanEtal2018
AA-44928	55.78	-5.56	2824	310	0.0	3.98	0.23	0.23	ShennanEtal2006,ShennanEtal2018
SUERC-2997	55.78	-5.56	366	245	1.0	8.1	0.55	0.55	ShennanEtal2006,ShennanEtal2018
AA-44929	55.78	-5.56	2305	343	1.0	3.73	0.23	0.23	ShennanEtal2006,ShennanEtal2018
SUERC-3008	55.84	-5.48	17654	482	1.0	30.46	1.12	1.12	ShennanEtal2006,ShennanEtal2018
SUERC-2999	55.79	-5.54	2627	250	0.0	2.85	0.55	0.55	ShennanEtal2006,ShennanEtal2018
AA-44931	55.78	-5.56	3005	245	1.0	5.47	0.23	0.23	ShennanEtal2006,ShennanEtal2018
SUERC-2998	55.78	-5.56	5611	269	0.0	8.02	0.55	0.55	ShennanEtal2006,ShennanEtal2018
AA-44934	55.78	-5.56	4677	277	1.0	10.11	0.23	0.23	ShennanEtal2006,ShennanEtal2018
AA-44939	55.8	-5.56	14226	431	0.0	16.8	0.65	0.65	ShennanEtal2006,ShennanEtal2018
AA-44932	55.78	-5.56	3544	276	0.0	7.39	0.23	0.23	ShennanEtal2006,ShennanEtal2018
AA-44933	55.78	-5.56	2700	297	1.0	7.2	0.23	0.23	ShennanEtal2006,ShennanEtal2018
