T-6235	78.29	14.036	9849	306	0.0	5.5	2.0	2.0	SalvigsenEtal1990,FormanEtal2004
Lu-2138	78.434	14.556	10592	355	0.0	18.0	2.0	2.0	SalvigsenEtal1990,FormanEtal2004
T-6282	78.271	14.048	11243	415	0.0	28.0	2.0	2.0	SalvigsenEtal1990,FormanEtal2004
T-6284	78.29	14.036	9259	259	0.0	4.0	2.0	2.0	SalvigsenEtal1990,FormanEtal2004
T-6285	78.29	14.036	10243	375	0.0	15.0	2.0	2.0	SalvigsenEtal1990,FormanEtal2004
T-6286	78.29	14.036	10952	342	0.0	40.0	2.0	2.0	SalvigsenEtal1990,FormanEtal2004
T-6287	78.29	14.036	11307	408	0.0	46.0	2.0	2.0	SalvigsenEtal1990,FormanEtal2004
T-6288	78.27	14.101	9067	335	0.0	10.6	2.0	2.0	SalvigsenEtal1990,FormanEtal2004
T-6289	78.327	14.234	5932	258	0.0	2.5	2.0	2.0	SalvigsenEtal1990,FormanEtal2004
T-8629	78.29	14.036	8920	342	0.0	6.0	2.0	2.0	SalvigsenEtal1990,FormanEtal2004
Lu-2139	78.436	14.577	8645	289	0.0	9.0	2.0	2.0	SalvigsenEtal1990,FormanEtal2004
Lu-2364	78.448	14.446	10965	320	0.0	19.0	2.0	2.0	SalvigsenEtal1990,FormanEtal2004
T-6283	78.29	14.036	8635	304	0.0	7.0	2.0	2.0	SalvigsenEtal1990,FormanEtal2004
