GdA-1639	54.72	18.4	810	97	1.0	-0.635	0.011180339887498949	0.011180339887498949	UscinowiczEtal2013,RosentauEtal2021
GdA-1677	54.72	18.41	1451	76	1.0	-0.805	0.011180339887498949	0.011180339887498949	UscinowiczEtal2013,RosentauEtal2021
GdA-1679	54.72	18.41	151	105	1.0	-0.055	0.011180339887498949	0.011180339887498949	UscinowiczEtal2013,RosentauEtal2021
GdA-1686	54.72	18.41	604	108	-1.0	-1.24	0.01	0.01	UscinowiczEtal2013,RosentauEtal2021
GdA-1691	54.72	18.4	2800	51	1.0	-0.765	0.011180339887498949	0.011180339887498949	UscinowiczEtal2013,RosentauEtal2021
Poz-15105	54.46	18.72	8834	172	1.0	-16.5	1.118033988749895	1.118033988749895	UscinowiczEtal2011,RosentauEtal2021
Poz-22483	54.46	18.72	8811	178	1.0	-16.5	1.118033988749895	1.118033988749895	UscinowiczEtal2011,RosentauEtal2021
Poz-22484	54.46	18.72	8797	184	1.0	-16.5	1.118033988749895	1.118033988749895	UscinowiczEtal2011,RosentauEtal2021
Poz-22485	54.46	18.72	8823	171	1.0	-16.5	1.118033988749895	1.118033988749895	UscinowiczEtal2011,RosentauEtal2021
Poz-33100	54.72	18.41	994	65	1.0	-0.555	0.011180339887498949	0.011180339887498949	UscinowiczEtal2013,RosentauEtal2021
