GSC-5420	61.49	-77.5	6727	330	-1.0	38.0	2.0	2.0	McNeelyBrennan2005
GSC-5312	61.6	-77.3	6658	310	0.0	73.4	3.9	3.9	McNeelyBrennan2005
GSC-5344	61.73	-77.8	3860	304	0.0	36.4	3.3	3.3	McNeelyBrennan2005
GSC-5423	61.84	-78.0	4188	305	-1.0	26.0	1.5	1.5	McNeelyBrennan2005
GSC-5353	61.87	-77.1	7369	221	-1.0	67.0	2.6	2.6	McNeelyBrennan2005
GX-1069	62.0	-80.0	6883	386	-1.0	81.0	2.6	2.6	Wagner1967
GX-1070	62.0	-80.0	6947	387	-1.0	91.0	2.6	2.6	Wagner1967
GX-1071	62.0	-80.0	7694	360	-1.0	65.0	2.6	2.6	Wagner1967
GSC-5412	62.01	-78.0	2326	296	0.0	22.4	3.3	3.3	McNeelyBrennan2005
GSC-5310	62.14	-77.9	7965	256	-1.0	98.0	2.6	2.6	Daigneault2008
GSC-5399	62.18	-78.1	3662	273	0.0	32.4	3.3	3.3	McNeelyBrennan2005
GSC-5409	62.25	-78.0	7534	221	-1.0	75.0	2.6	2.6	McNeelyBrennan2005
BETA-51804	62.42	-77.9	2637	186	1.0	37.0	2.0	2.0	Martindale2020
AECV-1795C	62.42	-77.9	2570	193	1.0	23.0	1.4	1.4	Harington2003,Martindale2020
GX-12035	62.45	-77.8	7552	285	-1.0	28.0	1.6	1.6	Daigneault2008
L-702B	62.52	-77.4	7534	363	-1.0	77.7	2.6	2.6	Matthews1967
NPL58	62.52	-77.4	7060	356	-1.0	82.6	2.6	2.6	Matthews1966
GSC-327	62.55	-77.4	7935	372	-1.0	110.0	2.6	2.6	McNeelyBrennan2005
N-281	62.55	-77.4	7611	355	-1.0	47.0	2.5	2.5	Matthews1967,Matthews1967
GSC-5410	62.57	-78.0	7405	215	-1.0	70.0	2.6	2.6	McNeelyBrennan2005
GSC-5322	62.58	-78.1	2654	270	0.0	22.4	3.3	3.3	McNeelyBrennan2005
