Tua-3817	59.6355	5.23	14047	227	1.0	51.65	0.35	0.35444741160973936	Karlsen2009,CreelEtal2022
Tua-4130	59.6355	5.23	14047	227	1.0	51.65	0.35	0.35444741160973936	Karlsen2009,CreelEtal2022
T-2776B	59.6114	5.22	11243	472	0.0	16.12	1.27	1.2742149668600544	Kaland1984,CreelEtal2022
TUa-4423	59.8416	5.36	14298	497	1.0	40.63	0.36	0.3584814167536485	Karlsen2009,CreelEtal2022
T-2778A	59.6071	5.24	10194	386	0.0	4.92	1.19	1.1936146671290127	Kaland1984,CreelEtal2022
T-2779A	59.6071	5.24	9798	348	0.0	4.92	1.19	1.1936146671290127	Kaland1984,CreelEtal2022
T-2780A	59.6024	5.2	6125	303	0.0	8.02	1.21	1.2061948188103853	Kaland1984,CreelEtal2022
TUa-4132	59.8416	5.36	14298	497	1.0	40.63	0.36	0.3584814167536485	Karlsen2009,CreelEtal2022
T-1371	59.895529	5.514681	11926	505	-1.0	35.0	2.24	2.2446773583839277	GulliksenEtal1978,CreelEtal2022
T-370	59.766666666666666	5.483333333333333	4638	547	1.0	35.74	1.33	1.3313940328547509	NydalEtal1964,CreelEtal2022
T-2777A	59.6024	5.2	10717	441	0.0	8.02	1.21	1.2061948188103853	Kaland1984,CreelEtal2022
T-2781A	59.6071	5.24	2735	365	0.0	4.92	1.19	1.1936146671290127	Kaland1984,CreelEtal2022
LuS-5950	59.739	5.749	13782	618	-1.0	47.0	0.28	0.2771822844267681	MangerudEtal2016,CreelEtal2022
LuS-5939	59.739	5.749	11476	286	-1.0	47.0	0.28	0.2771822844267681	MangerudEtal2016,CreelEtal2022
LuS-5937	59.739	5.749	10862	251	1.0	46.73	0.28	0.2771822844267681	MangerudEtal2016,CreelEtal2022
LuS-5938	59.739	5.749	11553	1132	0.0	47.02	0.41	0.40621937786920875	MangerudEtal2016,CreelEtal2022
LuS-5940	59.739	5.749	11673	259	-1.0	47.0	0.28	0.2771822844267681	MangerudEtal2016,CreelEtal2022
LuS-5941	59.739	5.749	11406	207	-1.0	47.0	0.28	0.2771822844267681	MangerudEtal2016,CreelEtal2022
LuS-5943	59.739	5.749	12499	206	-1.0	47.0	0.28	0.2771822844267681	MangerudEtal2016,CreelEtal2022
LuS-5944	59.739	5.749	12495	268	-1.0	47.0	0.28	0.2771822844267681	MangerudEtal2016,CreelEtal2022
LuS-5945	59.739	5.749	12730	105	-1.0	47.0	0.28	0.2771822844267681	MangerudEtal2016,CreelEtal2022
LuS-5946	59.739	5.749	13106	311	-1.0	47.0	0.28	0.2771822844267681	MangerudEtal2016,CreelEtal2022
LuS-5948	59.739	5.749	12799	258	-1.0	47.0	0.28	0.2771822844267681	MangerudEtal2016,CreelEtal2022
LuS-5949	59.739	5.749	13211	315	-1.0	47.0	0.28	0.2771822844267681	MangerudEtal2016,CreelEtal2022
