UQ-1063	49.83	-64.26	13370	555	-1.0	61.0	2.6	2.6	DuboisEtal1988,VacchiEtal2018
QU-1267	49.67	-63.92	10405	579	0.0	29.0	3.4	3.4	PainchaudEtal1984,VacchiEtal2018
QU-1272	49.84	-64.28	14461	703	-1.0	62.0	2.6	2.6	PainchaudEtal1984,VacchiEtal2018
QU-1275	49.74	-63.89	10974	601	0.0	35.0	4.0	4.0	PainchaudEtal1984,VacchiEtal2018
QU-1276	49.77	-63.13	10924	556	-1.0	23.0	1.3	1.3	PainchaudEtal1984,VacchiEtal2018
QU-1277	49.82	-64.35	4613	471	0.0	4.0	3.2	3.2	PainchaudEtal1984,VacchiEtal2018
QU-1278	49.76	-64.03	12297	532	0.0	54.0	4.0	4.0	PainchaudEtal1984,VacchiEtal2018
UQ-1082	49.83	-64.29	11278	970	-1.0	49.0	2.6	2.6	DuboisEtal1988,VacchiEtal2018
QU-1281	49.76	-64.03	11980	594	-1.0	35.0	1.9	1.9	PainchaudEtal1984,VacchiEtal2018
QU-1282	49.87	-64.4	9875	508	0.0	29.0	3.2	3.2	PainchaudEtal1984,VacchiEtal2018
QU-1283	49.74	-64.04	11865	588	-1.0	24.0	1.3	1.3	PainchaudEtal1984,VacchiEtal2018
UQ-1068	49.73	-62.98	1076	356	0.0	2.5	4.5	4.5	DuboisEtal1988,VacchiEtal2018
UQ-1064	49.73	-62.98	10700	462	-1.0	29.0	1.6	1.6	DuboisEtal1988,VacchiEtal2018
QU-1261	49.64	-63.85	10434	553	-1.0	20.0	1.1	1.1	PainchaudEtal1984,VacchiEtal2018
QU-1285	49.82	-64.36	4754	468	0.0	4.0	3.2	3.2	PainchaudEtal1984,VacchiEtal2018
UQ-1036	49.93	-64.37	310	284	-1.0	0.0	0.7	0.7	DuboisEtal1988,VacchiEtal2018
UQ-1006	49.7	-64.09	4543	286	1.0	3.4	0.7	0.7	LavoieFilion2001,VacchiEtal2018
UL-1879	49.92	-64.07	7283	248	1.0	25.0	1.4	1.4	LavoieFilion2001,VacchiEtal2018
UL-1880	49.83	-64.42	6908	277	1.0	25.0	0.7	0.7	LavoieFilion2001,VacchiEtal2018
UQ-1376	49.93	-64.37	16448	861	-1.0	0.0	0.7	0.7	DuboisEtal1988,VacchiEtal2018
UQ-778	49.67	-63.91	11677	519	-1.0	5.0	0.7	0.7	PainchaudEtal1984,VacchiEtal2018
UQ-776	49.87	-63.87	10637	669	-1.0	10.0	0.7	0.7	PainchaudEtal1984,VacchiEtal2018
UQ-719	49.84	-63.56	10015	434	-1.0	12.0	0.8	0.8	PainchaudEtal1984,VacchiEtal2018
QU-1266	49.67	-63.92	10849	613	0.0	29.0	3.4	3.4	PainchaudEtal1984,VacchiEtal2018
