GX-9893	78.9569	11.4367	11452	1039	0.0	4.0	1.0	1.0	FormanEtal1987,FormanEtal2004
GX-9908	78.9569	11.4367	10693	990	0.0	0.0	1.0	1.0	FormanEtal1987,FormanEtal2004
GX-9891	78.9569	11.4367	11603	900	0.0	19.0	1.0	1.0	FormanEtal1987,FormanEtal2004
GX-9899	78.96	11.4	6768	487	0.0	4.0	2.0	2.0	FormanEtal1987,FormanEtal2004
GX-9894	78.9569	11.4367	11663	411	0.0	1.0	1.0	1.0	FormanEtal1987,FormanEtal2004
GX-8590	78.9569	11.4367	11638	896	-1.0	16.0	1.0	1.0	FormanEtal1987,FormanEtal2004
I-13793	78.9569	11.4367	13870	542	0.0	33.0	1.0	1.0	FormanEtal1987,FormanEtal2004
GX-10731	78.9569	11.4367	12807	365	0.0	33.0	1.0	1.0	FormanEtal1987,FormanEtal2004
GX-10104	78.96	11.4	11830	561	0.0	9.0	2.0	2.0	FormanEtal1987,FormanEtal2004
GX-9892	78.9569	11.4367	10864	820	0.0	10.0	1.0	1.0	FormanEtal1987,FormanEtal2004
GX-10730	78.9569	11.4367	11148	515	0.0	26.0	1.0	1.0	FormanEtal1987,FormanEtal2004
Beta-10968	78.9569	11.4367	15496	554	1.0	41.0	1.0	1.0	FormanEtal2004
DIC-3122	78.9569	11.4367	12494	266	-1.0	11.0	1.0	1.0	FormanEtal1987,FormanEtal2004
Tln-249	78.96	11.4	10599	406	0.0	9.0	2.0	2.0	PunningEtal1978,FormanEtal2004
