T-9915	78.55	21.96	9951	225	0.0	53.5	0.5	0.5	BondevikEtal1995
T-9916	78.55	21.96	8762	283	0.0	39.7	0.5	0.5	BondevikEtal1995
T-9917	78.55	21.96	7045	218	0.0	26.8	0.5	0.5	BondevikEtal1995
Lu-3382	78.55	21.96	10927	297	0.0	76.6	0.5	0.5	BondevikEtal1995
Lu-3383	78.55	21.96	6129	170	0.0	19.6	0.5	0.5	BondevikEtal1995
Lu-3381	78.55	21.96	10754	379	0.0	67.6	0.5	0.5	BondevikEtal1995
Lu-3543	78.55	21.96	3926	204	0.0	8.8	0.5	0.5	BondevikEtal1995
TUa-689	78.55	21.96	10612	352	-1.0	63.5	0.5	0.5	BondevikEtal1995
TUa-690	78.55	21.96	7854	204	-1.0	36.6	0.5	0.5	BondevikEtal1995
Lu-3542	78.55	21.96	621	63	0.0	0.6	0.5	0.5	BondevikEtal1995
T-9918	78.55	21.96	5151	276	0.0	14.0	0.5	0.5	BondevikEtal1995
T-9914	78.55	21.96	10340	145	0.0	60.3	0.5	0.5	BondevikEtal1995
T-9913	78.55	21.96	11068	287	1.0	88.5	1.0	1.0	BondevikEtal1995
T-9913I	78.55	21.96	10921	262	1.0	88.5	1.0	1.0	BondevikEtal1995
T-10251	78.55	21.96	2972	159	0.0	5.7	0.5	0.5	BondevikEtal1995
T-10252	78.55	21.96	3979	256	0.0	10.3	0.5	0.5	BondevikEtal1995
T-10981	78.55	21.96	7812	112	0.0	33.4	0.5	0.5	BondevikEtal1995
T-10980	78.55	21.96	7804	117	0.0	33.4	0.5	0.5	BondevikEtal1995
T-10978	78.55	21.96	10468	237	0.0	60.3	0.5	0.5	BondevikEtal1995
T-10253	78.55	21.96	5360	224	0.0	17.3	0.5	0.5	BondevikEtal1995
T-10254	78.55	21.96	8064	242	0.0	30.8	0.5	0.5	BondevikEtal1995
Lu-3384	78.55	21.96	884	132	0.0	1.6	0.5	0.5	BondevikEtal1995
T-10255	78.55	21.96	8733	282	0.0	36.0	0.5	0.5	BondevikEtal1995
T-10257	78.55	21.96	10090	487	0.0	46.9	0.5	0.5	BondevikEtal1995
T-10256	78.55	21.96	10948	229	0.0	77.0	0.5	0.5	BondevikEtal1995
