6B_31_0_34_0(B)	-15.617	166.9	10143	38	0	-43.7	12	12
6B_31_0_34_0(A)	-15.617	166.9	10189	64	0	-43.875	12.049999999999999	12.049999999999999
6B_31_0_34_0(C)	-15.617	166.9	10995	66	0	-47.6	12	12
9C_15_20_16_65	-15.617	166.9	11063	34	0	-47.025	11.75	11.75
7_19_8_20(a)	-15.617	166.9	11621	54	0	-54.575	11.85	11.85
9D_15_28_16_65	-15.617	166.9	12169	56	0	-59.025	11.95	11.95
6B_38_3_42_0(A)	-15.617	166.9	12216	46	0	-61.150000000000006	12.100000000000001	12.100000000000001
6B_38_3_42_0(B)	-15.617	166.9	12236	56	0	-61.25	12.100000000000001	12.100000000000001
6B_38_3_42_0(C)	-15.617	166.9	12558	56	0	-62.724999999999994	12.15	12.15
9C_22_7_24_2	-15.617	166.9	12909	66	0	-62.425000000000004	11.95	11.95
7_22_29(b)(B)	-15.617	166.9	13886	46	0	-69.45	12.9	12.9
7_22_29(b)(A)	-15.617	166.9	13913	78	0	-69.55	12.9	12.9
9C_26_7_27_15(A)	-15.617	166.9	14074	46	0	-71.65	12.1	12.1
9C_26_7_27_15(B)	-15.617	166.9	14100	56	0	-71.9	12	12
9F_125	-15.617	166.9	14114	56	0	-73.9	12	12
9H_113(a)	-15.617	166.9	14241	56	0	-77.475	12.05	12.05
9E_23_45_24_25(B)	-15.617	166.9	14281	68	0	-75.7	12	12
9H_113(c)	-15.617	166.9	14306	88	0	-77.77499999999999	12.05	12.05
9H_113(b)	-15.617	166.9	14366	68	0	-78.1	12	12
9J_81	-15.617	166.9	14428	68	0	-78.35000000000001	12.100000000000001	12.100000000000001
9B_18_48_19_15(a)(B)	-15.617	166.9	14567	58	0	-75.95	12.100000000000001	12.100000000000001
9B_18_48_19_15(a)(A)	-15.617	166.9	14630	68	0	-76.25	12.100000000000001	12.100000000000001
9F_139	-15.617	166.9	14938	100	0	-79.65	12.100000000000001	12.100000000000001
9E_24_25_25_75	-15.617	166.9	15308	58	0	-82.325	12.15	12.15
9E_25_75_27_25(A)	-15.617	166.9	20403	62	0	-106.60000000000001	12.6	12.6
9E_25_75_27_25(B)	-15.617	166.9	20543	130	0	-107.15	12.700000000000001	12.700000000000001
9E_30_25_31_75	-15.617	166.9	24626	106	0	-130.8	13	13
9J_64(A)	-15.617	166.9	13996	78	0	-67.9	25	25
9J_64(B)	-15.617	166.9	14041	46	0	-68.1	25	25
9A_14_(D)	-15.617	166.9	12603	38	0	-64.375	7.25	7.25
9A_14_(B)	-15.617	166.9	12641	48	0	-64.575	7.25	7.25
9A_14_(A)	-15.617	166.9	12650	36	0	-64.575	7.25	7.25
9A_14_(C)	-15.617	166.9	12657	66	0	-64.575	7.25	7.25
9A_14_(E)	-15.617	166.9	12832	56	0	-65.35	7.3	7.3
7_15_16	-15.617	166.9	11631	54	0	-45.525	19.95	19.95
9F_178	-15.617	166.9	20643	74	0	-108.725	20.55	20.55
9H_283(A)	-15.617	166.9	21486	86	0	-117.52499999999999	20.55	20.55
9H_283(B)	-15.617	166.9	21824	86	0	-119.10000000000001	20.6	20.6
6B_b_13	-15.617	166.9	7752	32	-1	-18.7	1.9	1.9
6B_14_5_16	-15.617	166.9	8518	52	-1	-25.2	2	2
6A_b_15_5_17	-15.617	166.9	8946	32	-1	-28.2	2.1	2.1
6A_a_15_5_17(B)	-15.617	166.9	9113	32	-1	-28.9	2.1	2.1
6A_a_15_5_17(A)	-15.617	166.9	9175	24	-1	-29.2	2.1	2.1
7_b_14_15	-15.617	166.9	10386	34	-1	-48.8	2.3	2.3
7_a_14_15(B)	-15.617	166.9	10419	34	-1	-48.9	2.3	2.3
7_a_14_15(A)	-15.617	166.9	10454	34	-1	-49.1	2.3	2.3
9J_87	-15.617	166.9	14129	58	-1	-83	3	3
9E_22_55_22_85(A)	-15.617	166.9	14890	46	-1	-83.5	3.1	3.1
9E_22_55_22_85(B)	-15.617	166.9	14905	90	-1	-83.6	3.2	3.2
6A_19_19_5(A)	-15.617	166.9	9068	64	0	-14.2	35	35
6A_19_19_5(B)	-15.617	166.9	9115	74	0	-14.399999999999999	35	35
6A_19_19_5(C)	-15.617	166.9	9194	24	0	-14.799999999999997	35	35
9D_12_28_13_75	-15.617	166.9	11467	34	0	-41.1	35.2	35.2
9H_92	-15.617	166.9	12225	76	0	-51.550000000000004	35.3	35.3
9B_12_5_13_12(c)	-15.617	166.9	12277	44	0	-47.875	35.25	35.25
9F_103	-15.617	166.9	12814	46	0	-52.22500000000001	35.349999999999994	35.349999999999994
9L_89	-15.617	166.9	13360	162	0	-58.8	35.4	35.4
9J_155	-15.617	166.9	19704	72	0	-99.625	35.949999999999996	35.949999999999996
10_42	-15.61	167.02	6728	42	0	-7.275000000000002	35.05	35.05
10_48	-15.61	167.02	6889	32	0	-8.95	35.1	35.1
10_108	-15.61	167.02	9933	34	0	-28.425	35.550000000000004	35.550000000000004
10_128	-15.61	167.02	10519	44	0	-33.025	35.55	35.55
10_148	-15.61	167.02	11290	54	0	-46.099999999999994	23.4	23.4
10_152	-15.61	167.02	11455	54	0	-46.675000000000004	26.049999999999997	26.049999999999997
10_160	-15.61	167.02	11765	44	0	-44.55	35.7	35.7
10_194	-15.61	167.02	16015	70	0	-84.85	12.9	12.9
10_209	-15.61	167.02	21697	98	0	-101.97500000000001	21.45	21.45
10_214	-15.61	167.024	22056	74	0	-96.9	37	37
10_217	-15.61	167.024	22344	108	0	-106.2	21.4	21.4
10_221	-15.61	167.024	22800	78	0	-100.75	37.1	37.1
11_78	-15.61	167.024	11271	44	0	-41.175	35.65	35.65
11_104	-15.61	167.024	12645	428	0	-54.400000000000006	36	36
12_106	-15.61	167.024	11360	34	0	-51.550000000000004	35.7	35.7
13_48	-15.61	167.024	6210	30	0	-14.3	35	35
13_60	-15.61	167.024	8774	32	0	-29.35	35.3	35.3
13_74_75_(a)	-15.61	167.024	9736	32	0	-33.075	35.449999999999996	35.449999999999996
13_74_75_(b)	-15.61	167.024	9741	34	0	-33.075	35.449999999999996	35.449999999999996
13_85	-15.61	167.024	11695	108	0	-58.39999999999999	12.4	12.4
13_88	-15.61	167.024	12695	66	0	-54.275000000000006	35.85	35.85
13_130	-15.61	167.024	22211	98	0	-108.07499999999999	21.450000000000003	21.450000000000003
14_54	-15.61	167.024	10356	46	0	-41.02499999999999	35.550000000000004	35.550000000000004
14_127	-15.61	167.024	22780	144	0	-122.42499999999998	21.549999999999997	21.549999999999997
