SRR-1600	56.07	-3.82	8766	294	0.0	6.12	0.51	0.51	Robinson1993,SmithEtal2010,ShennanEtal2018
SRR-1426	56.13	-4.32	7474	194	0.0	11.02	0.21	0.21	Robinson1993,ShennanEtal2018
SRR-1605	56.13	-4.1	10885	312	0.0	5.83	0.21	0.21	Robinson1993,ShennanEtal2018
SRR-1425	56.13	-4.32	7260	252	0.0	11.15	0.21	0.21	Robinson1993,ShennanEtal2018
Q-533	56.14	-4.2	6295	357	1.0	11.64	0.86	0.86	SmithEtal2010,ShennanEtal2018
SRR-1604	56.14	-4.29	7697	218	0.0	8.42	0.21	0.21	Robinson1993,SmithEtal2010,ShennanEtal2018
SRR-1598	56.07	-3.83	7926	230	0.0	8.71	0.51	0.51	Robinson1993,SmithEtal2010,ShennanEtal2018
SRR-1603	56.14	-4.29	7729	202	0.0	8.2	0.21	0.21	Robinson1993,SmithEtal2010,SmithEtal1985,ShennanEtal2018
SRR-1424	56.14	-4.21	9477	303	0.0	6.02	0.21	0.21	Robinson1993,ShennanEtal2018
SRR-1250	56.13	-4.33	10944	364	0.0	7.84	0.21	0.21	Robinson1993,ShennanEtal2018
OxA-8056	56.17	-4.17	14812	354	-1.0	11.53	2.4	2.4	Peacock2002,ShennanEtal2018
SRR-1602	56.06	-3.82	9033	364	0.0	4.96	0.51	0.51	Robinson1993,SmithEtal2010,ShennanEtal2018
I-1838	56.14	-4.21	9156	473	0.0	4.1	0.21	0.21	SissonsBrooks1971,ShennanEtal2018
SRR-1599	56.07	-3.83	8308	244	0.0	7.31	0.51	0.51	Robinson1993,SmithEtal2010,ShennanEtal2018
SRR-1601	56.06	-3.82	8877	321	0.0	4.21	0.51	0.51	Robinson1993,SmithEtal2010,ShennanEtal2018
Q-280	56.07	-3.78	9431	530	0.0	4.47	0.53	0.53	SmithEtal2010,ShennanEtal2018
OxA-1347	56.01	-3.66	15442	400	-1.0	-16.4	2.99	2.99	Peacock1999,ShennanEtal2018
I-5309	56.13	-4.32	7343	322	0.0	11.32	0.25	0.25	SissonsBrooks1971,ShennanEtal2018
SRR-1423	56.13	-4.26	8714	283	0.0	8.36	0.21	0.21	Robinson1993,SmithEtal2010,ShennanEtal2018
OxA-1702	56.01	-3.66	8833	321	-1.0	-11.4	2.99	2.99	Peacock1999,ShennanEtal2018
OxA-8055	56.14	-4.1	13358	213	-1.0	-15.57	2.4	2.4	Peacock2002,ShennanEtal2018
I-1839	56.14	-4.21	9771	421	0.0	3.9	0.21	0.21	SissonsBrooks1971,ShennanEtal2018
SRR-1606	56.12	-3.97	10706	395	0.0	4.17	0.21	0.21	Robinson1993,ShennanEtal2018
SRR-1896	56.14	-4.29	6880	289	0.0	9.65	0.51	0.51	Robinson1993,SmithEtal2010,ShennanEtal2018
SRR-1427	56.14	-4.29	7720	207	0.0	10.06	0.21	0.21	Robinson1993,ShennanEtal2018
SRR-1895	56.14	-4.29	6979	272	0.0	9.81	0.51	0.51	Robinson1993,ShennanEtal2018
SRR-1812	56.13	-4.29	7911	229	0.0	10.55	0.51	0.51	Robinson1993,SmithEtal2010,ShennanEtal2018
SRR-1811	56.13	-4.29	7397	205	0.0	10.72	0.7	0.7	Robinson1993,ShennanEtal2018
SRR-1428	56.14	-4.28	10065	354	0.0	6.24	0.21	0.21	Robinson1993,ShennanEtal2018
SRR-1429	56.14	-4.2	9814	313	0.0	3.81	0.21	0.21	Robinson1993,ShennanEtal2018
SRR-1607	56.13	-4.22	8148	222	0.0	9.11	0.21	0.21	Robinson1993,ShennanEtal2018
SRR-1539	56.09	-3.9	11285	451	0.0	4.25	0.25	0.25	Robinson1993,ShennanEtal2018
I-2797	56.13	-4.28	8298	306	0.0	10.43	0.81	0.81	SissonsBrooks1971,ShennanEtal2018
Beta-106595	56.16	-4.16	13961	282	-1.0	16.08	2.35	2.35	HollowayEtal2002,ShennanEtal2018
Beta-106597	56.16	-4.16	15229	276	-1.0	14.8	2.35	2.35	HollowayEtal2002,ShennanEtal2018
SRR-1745	56.14	-4.23	8796	306	0.0	3.76	0.51	0.51	Robinson1993,SmithEtal2010,ShennanEtal2018
I-2132	56.14	-4.01	4630	412	0.0	7.54	0.25	0.25	SissonsBrooks1971,ShennanEtal2018
Beta-106596	56.16	-4.16	14400	359	-1.0	15.09	2.35	2.35	HollowayEtal2002,ShennanEtal2018
I-2798	56.14	-4.2	8934	448	0.0	6.5	0.21	0.21	SissonsBrooks1971,ShennanEtal2018
