Beta-287639	51.52	0.11	5230	324	0.0	-5.92	0.71	0.71	GreenEtal2014,ShennanEtal2018
Q-810	51.46	0.35	5659	318	0.0	-8.77	0.27	0.27	Devoy1979,Devoy1982,ShennanEtal2018
Beta-119784	51.5	-0.09	2390	330	0.0	-4.2	0.21	0.21	SidellEtal2000,ShennanEtal2018
Beta-119785	51.5	-0.09	3712	301	1.0	-4.04	2.08	2.08	SidellEtal2000,ShennanEtal2018
SRR-280	51.46	0.25	4823	366	0.0	-7.38	0.73	0.73	Devoy1979,Devoy1982,ShennanEtal2018
SRR-279	51.46	0.25	2675	286	0.0	-5.34	0.83	0.83	Devoy1979,Devoy1982,ShennanEtal2018
Beta-119786	51.5	-0.09	2339	370	0.0	-4.25	0.21	0.21	SidellEtal2000,ShennanEtal2018
Q-811	51.46	0.35	6326	322	0.0	-11.4	0.27	0.27	Devoy1979,Devoy1982,ShennanEtal2018
SRR-278	51.46	0.25	7697	218	0.0	-11.46	0.83	0.83	Devoy1979,Devoy1982,ShennanEtal2018
Beta-287638	51.52	0.11	4065	323	0.0	-5.54	0.7	0.7	GreenEtal2014,ShennanEtal2018
IGS-88	51.43	0.71	9144	364	1.0	-28.21	3.4	3.4	Devoy1982,ShennanEtal2018
Beta-122968	51.5	-0.05	4003	394	1.0	-3.8	2.08	2.08	SidellEtal2000,ShennanEtal2018
Beta-287636	51.52	0.1	5230	324	0.0	-6.55	0.71	0.71	GreenEtal2014,ShennanEtal2018
Beta-93679	51.5	0.03	3355	323	0.0	-3.92	0.24	0.24	WilkinsonEtal2000,ShennanEtal2018
Beta-93680	51.5	0.03	5958	299	1.0	-3.79	2.05	2.05	WilkinsonEtal2000,ShennanEtal2018
Beta-93681	51.5	0.03	733	185	0.0	-2.98	0.42	0.42	WilkinsonEtal2000,ShennanEtal2018
Q-1333	51.5	0.13	4783	445	0.0	-5.22	0.29	0.29	Devoy1979,Devoy1982,ShennanEtal2018
Beta-93682	51.5	0.03	4065	327	0.0	-4.67	0.24	0.24	WilkinsonEtal2000,ShennanEtal2018
Beta-93683	51.5	0.03	5415	326	1.0	-4.99	2.06	2.06	WilkinsonEtal2000,ShennanEtal2018
Q-1286	51.44	0.72	9570	453	1.0	-28.29	1.6	1.6	Devoy1979,ShennanEtal2018
Beta-93689	51.5	0.03	6471	316	1.0	-5.78	2.05	2.05	WilkinsonEtal2000,ShennanEtal2018
Beta-93688	51.5	0.03	2709	315	0.0	-5.03	0.24	0.24	WilkinsonEtal2000,ShennanEtal2018
Q-1284	51.46	0.25	6516	269	0.0	-10.45	0.28	0.28	Devoy1979,Devoy1982,ShennanEtal2018
Q-1283	51.47	0.31	7738	237	0.0	-12.21	0.83	0.83	Devoy1979,Devoy1982,ShennanEtal2018
Q-1282	51.5	0.13	6518	267	0.0	-8.26	0.28	0.28	Devoy1979,Devoy1982,ShennanEtal2018
Beta-93687	51.5	0.03	5917	316	1.0	-4.63	2.06	2.06	WilkinsonEtal2000,ShennanEtal2018
Beta-93686	51.5	0.03	5556	310	1.0	-4.59	2.05	2.05	WilkinsonEtal2000,ShennanEtal2018
Beta-93685	51.5	0.03	4059	342	0.0	-4.33	0.25	0.25	WilkinsonEtal2000,ShennanEtal2018
Beta-93678	51.5	0.03	11596	354	1.0	-4.92	2.05	2.05	WilkinsonEtal2000,ShennanEtal2018
Beta-287637	51.52	0.1	6094	216	0.0	-7.15	0.71	0.71	GreenEtal2014,ShennanEtal2018
Beta-93677	51.5	0.03	2472	278	0.0	-2.63	0.25	0.25	WilkinsonEtal2000,ShennanEtal2018
Q-1335	51.46	0.26	7571	264	0.0	-11.88	0.28	0.28	Devoy1979,Devoy1982,ShennanEtal2018
Q-793	51.46	0.35	2514	349	0.0	-6.07	0.27	0.27	Devoy1979,Devoy1982,ShennanEtal2018
Beta-287635	51.52	0.1	4242	297	0.0	-5.65	0.71	0.71	GreenEtal2014,ShennanEtal2018
Beta-287634	51.52	0.1	3524	283	0.0	-4.95	0.71	0.71	GreenEtal2014,ShennanEtal2018
Q-792	51.46	0.35	4392	420	0.0	-8.16	0.44	0.44	Devoy1979,Devoy1982,ShennanEtal2018
Q-791	51.46	0.36	6659	344	0.0	-11.51	0.44	0.44	Devoy1979,Devoy1982,ShennanEtal2018
Beta-287633	51.52	0.13	4198	299	0.0	-5.56	0.7	0.7	GreenEtal2014,ShennanEtal2018
Beta-287632	51.52	0.13	3355	278	0.0	-4.73	0.21	0.21	GreenEtal2014,ShennanEtal2018
Q-790B	51.46	0.36	7980	311	0.0	-13.75	0.27	0.27	Devoy1979,Devoy1982,ShennanEtal2018
Q-790A	51.46	0.36	7810	288	0.0	-13.75	0.27	0.27	Devoy1979,Devoy1982,ShennanEtal2018
Beta-101867	51.5	0.03	12053	542	1.0	-5.04	2.05	2.05	WilkinsonEtal2000,ShennanEtal2018
Beta-287631	51.52	0.12	4208	300	0.0	-5.55	0.71	0.71	GreenEtal2014,ShennanEtal2018
Beta-287630	51.52	0.12	3341	276	0.0	-4.79	0.71	0.71	GreenEtal2014,ShennanEtal2018
Q-1338	51.46	0.26	3052	277	0.0	-4.55	0.28	0.28	Devoy1979,Devoy1982,ShennanEtal2018
Q-1337	51.46	0.26	4557	355	0.0	-4.42	0.28	0.28	Devoy1979,Devoy1982,ShennanEtal2018
Q-1336	51.46	0.26	5671	329	0.0	-6.66	0.28	0.28	Devoy1979,Devoy1982,ShennanEtal2018
Q-1334	51.46	0.25	7995	301	0.0	-14.29	0.28	0.28	Devoy1979,Devoy1982,ShennanEtal2018
SRR-277	51.46	0.25	6155	239	0.0	-8.06	0.73	0.73	Devoy1979,Devoy1982,ShennanEtal2018
SRR-275	51.46	0.25	5221	328	0.0	-7.42	0.73	0.73	Devoy1979,Devoy1982,ShennanEtal2018
Beta-93684	51.5	0.03	6215	274	1.0	-5.26	2.05	2.05	WilkinsonEtal2000,ShennanEtal2018
Beta-120959	51.5	0.03	3242	292	0.0	-3.35	0.24	0.24	WilkinsonEtal2000,ShennanEtal2018
Beta-120958	51.5	0.03	10672	394	1.0	-4.71	2.06	2.06	WilkinsonEtal2000,ShennanEtal2018
Poz-19779	51.46	0.31	7734	196	1.0	-11.88	1.84	1.84	KhanEtal2015,ShennanEtal2018
Poz-19778	51.46	0.31	7691	216	0.0	-12.64	0.21	0.21	KhanEtal2015,ShennanEtal2018
Poz-19777	51.46	0.31	6539	223	0.0	-10.59	0.21	0.21	KhanEtal2015,ShennanEtal2018
Beta-81728	51.39	0.52	3817	165	0.0	-2.35	0.22	0.22	BarhamEtal1995,ShennanEtal2018
Beta-119790	51.49	-0.13	3894	341	1.0	-3.8	2.08	2.08	SidellEtal2000,ShennanEtal2018
Beta-66457	51.39	0.52	8147	172	1.0	-11.14	1.76	1.76	BarhamEtal1995,ShennanEtal2018
SRR-276	51.46	0.25	6228	263	0.0	-8.62	0.73	0.73	Devoy1979,Devoy1982,ShennanEtal2018
Beta-66455	51.39	0.52	5452	137	0.0	-6.9	0.41	0.41	BarhamEtal1995,ShennanEtal2018
Beta-64509	51.39	0.52	5531	182	1.0	-5.64	1.76	1.76	BarhamEtal1995,ShennanEtal2018
Beta-119789	51.49	-0.13	3283	296	1.0	-3.36	2.08	2.08	SidellEtal2000,ShennanEtal2018
NZA-16267	51.51	0.2	3337	288	1.0	-3.41	2.03	2.03	WallerGrant2012,ShennanEtal2018
NZA-16268	51.51	0.2	3705	261	1.0	-4.28	2.03	2.03	WallerGrant2012,ShennanEtal2018
NZA-16269	51.49	0.23	6163	227	1.0	-6.17	2.03	2.03	WallerGrant2012,ShennanEtal2018
Beta-156302	51.52	0.18	6507	218	1.0	-6.04	2.03	2.03	BranchEtal2012,ShennanEtal2018
Beta-119788	51.5	-0.09	4395	395	1.0	-4.18	2.08	2.08	SidellEtal2000,ShennanEtal2018
Beta-156202	51.52	0.18	6018	269	1.0	-5.72	2.03	2.03	BranchEtal2012,ShennanEtal2018
Beta-81729	51.39	0.52	2654	206	0.0	-2.0	0.41	0.41	BarhamEtal1995,ShennanEtal2018
Beta-122928	51.5	-0.09	4440	368	1.0	-4.13	2.14	2.14	SidellEtal2000,ShennanEtal2018
Beta-120960	51.5	0.03	5783	287	1.0	-3.48	2.05	2.05	WilkinsonEtal2000,ShennanEtal2018
WK-11596	51.51	0.2	2407	312	1.0	-3.14	2.03	2.03	WallerGrant2012,ShennanEtal2018
Beta-127616	51.49	-0.13	4400	374	0.0	-5.13	0.41	0.41	SidellEtal2000,ShennanEtal2018
Beta-122929	51.49	-0.13	4875	207	1.0	-4.72	2.08	2.08	SidellEtal2000,ShennanEtal2018
Beta-119783	51.5	-0.09	5607	287	1.0	-4.88	2.08	2.08	SidellEtal2000,ShennanEtal2018
Beta-127617	51.49	-0.13	3546	301	1.0	-2.83	2.08	2.08	SidellEtal2000,ShennanEtal2018
Beta-127739	51.49	-0.13	2704	296	0.0	-3.62	0.21	0.21	SidellEtal2000,ShennanEtal2018
Beta-154303	51.52	0.18	5281	376	0.0	-5.74	0.21	0.21	BranchEtal2012,ShennanEtal2018
Q-1433	51.45	0.37	3171	285	0.0	-4.9	0.21	0.21	Devoy1979,Devoy1982,ShennanEtal2018
Q-1432	51.45	0.37	3481	334	0.0	-5.48	0.21	0.21	Devoy1979,Devoy1982,ShennanEtal2018
Q-1431	51.45	0.37	4294	389	0.0	-8.29	0.21	0.21	Devoy1979,Devoy1982,ShennanEtal2018
Beta-156199	51.52	0.18	3928	361	0.0	-5.21	0.23	0.23	BranchEtal2012,ShennanEtal2018
Beta-156200	51.52	0.18	4973	342	1.0	-4.77	2.03	2.03	BranchEtal2012,ShennanEtal2018
Beta-156201	51.52	0.18	5613	282	1.0	-5.12	2.03	2.03	BranchEtal2012,ShennanEtal2018
Poz-19868	51.46	0.31	4036	318	0.0	-7.84	0.21	0.21	KhanEtal2015,ShennanEtal2018
Q-1430	51.45	0.37	7083	320	0.0	-9.9	0.21	0.21	Devoy1979,Devoy1982,ShennanEtal2018
Beta-66456	51.39	0.52	7782	144	1.0	-11.89	1.76	1.76	BarhamEtal1995,ShennanEtal2018
Q-1428	51.45	0.37	7901	266	0.0	-13.86	0.22	0.22	Devoy1979,Devoy1982,ShennanEtal2018
Q-1341	51.47	0.31	5982	292	0.0	-8.32	0.28	0.28	Devoy1979,Devoy1982,ShennanEtal2018
SUERC-33058	51.51	0.2	4166	286	1.0	-3.81	2.03	2.03	WallerGrant2012,ShennanEtal2018
Q-1340	51.47	0.31	3035	298	0.0	-6.39	0.28	0.28	Devoy1979,Devoy1982,ShennanEtal2018
Q-1339	51.47	0.31	7505	239	0.0	-11.84	0.28	0.28	Devoy1979,Devoy1982,ShennanEtal2018
NZA-27522	51.49	0.23	3925	296	1.0	-3.66	2.03	2.03	WallerGrant2012,ShennanEtal2018
SUERC-33054	51.49	0.23	3859	285	1.0	-3.36	2.03	2.03	WallerGrant2012,ShennanEtal2018
NZA-27527	51.49	0.23	3256	265	1.0	-3.13	2.03	2.03	WallerGrant2012,ShennanEtal2018
Beta-324682	51.53	0.12	3121	257	0.0	-6.1	0.7	0.7	GreenEtal2014,ShennanEtal2018
Beta-324681	51.53	0.12	6017	254	0.0	-6.84	0.23	0.23	GreenEtal2014,ShennanEtal2018
Beta-324680	51.53	0.12	3549	270	0.0	-5.25	0.23	0.23	GreenEtal2014,ShennanEtal2018
SRR-274	51.46	0.25	2729	315	0.0	-5.17	0.73	0.73	Devoy1979,Devoy1982,ShennanEtal2018
NZA-27528	51.49	0.23	4370	348	1.0	-4.29	2.03	2.03	WallerGrant2012,ShennanEtal2018
NZA-27534	51.49	0.23	3966	303	1.0	-3.89	2.03	2.03	WallerGrant2012,ShennanEtal2018
NZA-27625	51.49	0.23	4391	367	1.0	-4.04	2.03	2.03	WallerGrant2012,ShennanEtal2018
Beta-119787	51.5	-0.09	5275	373	1.0	-4.9	2.08	2.08	SidellEtal2000,ShennanEtal2018
Beta-324683	51.53	0.12	5719	222	0.0	-6.45	0.7	0.7	GreenEtal2014,ShennanEtal2018
Q-1429	51.45	0.37	7438	248	0.0	-13.18	0.22	0.22	Devoy1979,Devoy1982,ShennanEtal2018
Q-1281	51.46	0.26	7815	230	0.0	-12.09	0.29	0.29	Devoy1979,Devoy1982,ShennanEtal2018
Beta-324685	51.53	0.12	5621	267	0.0	-6.3	0.7	0.7	GreenEtal2014,ShennanEtal2018
Q-1342	51.47	0.31	6198	268	0.0	-8.47	0.28	0.28	Devoy1979,Devoy1982,ShennanEtal2018
Beta-324684	51.53	0.12	3623	240	0.0	-5.1	0.7	0.7	GreenEtal2014,ShennanEtal2018
Q-1427	51.45	0.37	8731	343	0.0	-16.31	0.21	0.21	Devoy1979,Devoy1982,ShennanEtal2018
Q-1426	51.45	0.37	9065	403	1.0	-15.54	1.84	1.84	Devoy1979,Devoy1982,ShennanEtal2018
