KIA-6763	72.57	127.18	3210	345	-1.0	1.7	2.692136697866585	2.692136697866585	Makarov2009,BaranskayaEtal2018
IORAN-4164	72.38	126.5	4774	748	-1.0	4.2	2.692136697866585	2.692136697866585	Makarov2009,BaranskayaEtal2018
IORAN-4167	72.38	126.5	4149	760	-1.0	6.2	2.692136697866585	2.692136697866585	Makarov2009,BaranskayaEtal2018
KIA-6762	72.57	127.18	3784	360	-1.0	3.9	2.692136697866585	2.692136697866585	Makarov2009,BaranskayaEtal2018
KIA-6761	72.57	127.18	2585	350	-1.0	6.6	2.692136697866585	2.692136697866585	Makarov2009,BaranskayaEtal2018
LU-5607	72.69	126.36	937	278	-1.0	0.9	2.692136697866585	2.692136697866585	Makarov2009,BaranskayaEtal2018
KIA-6759	72.57	127.18	2894	392	-1.0	8.5	2.692136697866585	2.692136697866585	Makarov2009,BaranskayaEtal2018
LU-4913	72.45	128.93	20084	471	-1.0	5.0	2.692136697866585	2.692136697866585	Makarov2009,BaranskayaEtal2018
LU-5606	73.52	127.06	492	319	-1.0	0.25	2.692136697866585	2.692136697866585	Makarov2009,BaranskayaEtal2018
KIA-6764	72.57	127.18	3736	354	-1.0	0.6	2.692136697866585	2.692136697866585	Makarov2009,BaranskayaEtal2018
LU-4912	72.56	129.22	2276	422	-1.0	0.5	2.692136697866585	2.692136697866585	Makarov2009,BaranskayaEtal2018
KIA-8169	72.37	126.5	374	295	-1.0	7.5	2.692136697866585	2.692136697866585	Makarov2009,BaranskayaEtal2018
LU-4409	72.52	125.26	7777	405	-1.0	7.6	2.692136697866585	2.692136697866585	Makarov2009,BaranskayaEtal2018
LU-4407	72.52	125.26	7385	389	-1.0	10.7	2.692136697866585	2.692136697866585	Makarov2009,BaranskayaEtal2018
LU-4201	73.39	126.6	1332	343	-1.0	3.1	2.692136697866585	2.692136697866585	Makarov2009,BaranskayaEtal2018
LU-4199	72.84	125.83	1233	313	-1.0	7.0	2.692136697866585	2.692136697866585	Makarov2009,BaranskayaEtal2018
LU-4198	72.88	125.93	7278	372	-1.0	7.5	2.692136697866585	2.692136697866585	Makarov2009,BaranskayaEtal2018
LU-4197	72.85	126.34	1858	437	-1.0	7.8	2.692136697866585	2.692136697866585	Makarov2009,BaranskayaEtal2018
LU-4193	72.84	125.83	2831	447	-1.0	5.8	2.692136697866585	2.692136697866585	Makarov2009,BaranskayaEtal2018
LU-4191	72.95	125.92	9647	489	-1.0	2.5	2.692136697866585	2.692136697866585	Makarov2009,BaranskayaEtal2018
LU-5614	73.13	127.21	2492	353	-1.0	2.2	2.692136697866585	2.692136697866585	Makarov2009,BaranskayaEtal2018
LU-5613	73.13	127.21	4861	442	-1.0	1.2	2.692136697866585	2.692136697866585	Makarov2009,BaranskayaEtal2018
LU-5612	73.09	126.97	3393	406	-1.0	1.3	2.692136697866585	2.692136697866585	Makarov2009,BaranskayaEtal2018
LU-5611	73.09	126.97	2312	410	-1.0	4.2	2.692136697866585	2.692136697866585	Makarov2009,BaranskayaEtal2018
LU-5610	72.93	126.41	3429	409	-1.0	0.7	2.692136697866585	2.692136697866585	Makarov2009,BaranskayaEtal2018
IORAN-4101	72.38	126.5	2192	474	-1.0	3.6	2.692136697866585	2.692136697866585	Makarov2009,BaranskayaEtal2018
LU-5608	72.69	126.36	2710	382	-1.0	0.5	2.692136697866585	2.692136697866585	Makarov2009,BaranskayaEtal2018
LU-4565	72.36	126.34	497	293	-1.0	7.0	2.692136697866585	2.692136697866585	Makarov2009,BaranskayaEtal2018
KIA-8174	72.37	126.5	2756	378	-1.0	0.4	2.692136697866585	2.692136697866585	Makarov2009,BaranskayaEtal2018
KIA-8173	72.37	126.5	2593	355	-1.0	1.2	2.692136697866585	2.692136697866585	Makarov2009,BaranskayaEtal2018
KIA-8172	72.37	126.5	2721	352	-1.0	1.3	2.692136697866585	2.692136697866585	Makarov2009,BaranskayaEtal2018
KIA-8171	72.37	126.5	446	273	-1.0	6.2	2.692136697866585	2.692136697866585	Makarov2009,BaranskayaEtal2018
KIA-8170	72.37	126.5	270	246	-1.0	6.6	2.692136697866585	2.692136697866585	Makarov2009,BaranskayaEtal2018
KIA-6765	72.57	127.18	2992	354	-1.0	-0.2	2.692136697866585	2.692136697866585	Makarov2009,BaranskayaEtal2018
LU-5609	72.93	126.41	10118	501	-1.0	0.5	2.692136697866585	2.692136697866585	Makarov2009,BaranskayaEtal2018
KIA-6760	72.57	127.18	1274	288	-1.0	8.1	2.692136697866585	2.692136697866585	Makarov2009,BaranskayaEtal2018
LU-5073	72.46	129.01	1041	274	-1.0	0.6	2.692136697866585	2.692136697866585	Makarov2009,BaranskayaEtal2018
LU-5495	72.64	127.51	3843	589	-1.0	2.2	2.692136697866585	2.692136697866585	Makarov2009,BaranskayaEtal2018
LU-5494	72.56	125.2	5001	440	-1.0	1.5	2.692136697866585	2.692136697866585	Makarov2009,BaranskayaEtal2018
LU-5492	72.64	127.51	872	287	-1.0	2.7	2.692136697866585	2.692136697866585	Makarov2009,BaranskayaEtal2018
LU-5080	72.57	127.51	4281	499	-1.0	2.0	2.692136697866585	2.692136697866585	Makarov2009,BaranskayaEtal2018
LU-5080	72.21	126.62	4275	509	-1.0	1.0	2.692136697866585	2.692136697866585	Makarov2009,BaranskayaEtal2018
LU-5075	72.77	127.95	1428	302	-1.0	0.5	2.692136697866585	2.692136697866585	Makarov2009,BaranskayaEtal2018
LU-4919	72.46	129.01	3109	338	-1.0	1.0	2.692136697866585	2.692136697866585	Makarov2009,BaranskayaEtal2018
LU-4918	72.05	126.81	831	275	-1.0	10.7	2.692136697866585	2.692136697866585	Makarov2009,BaranskayaEtal2018
LU-4917	72.45	128.93	2350	387	-1.0	13.5	2.692136697866585	2.692136697866585	Makarov2009,BaranskayaEtal2018
LU-4916	72.51	128.53	5981	329	-1.0	0.5	2.692136697866585	2.692136697866585	Makarov2009,BaranskayaEtal2018
LU-4915	72.56	129.22	3156	351	-1.0	0.1	2.692136697866585	2.692136697866585	Makarov2009,BaranskayaEtal2018
MGU-773	72.07	128.6	1329	358	-1.0	0.5	2.692136697866585	2.692136697866585	Makarov2009,BaranskayaEtal2018
LU-4914	72.53	127.26	1811	381	-1.0	4.0	2.692136697866585	2.692136697866585	Makarov2009,BaranskayaEtal2018
LU-4577	72.37	126.5	3442	405	-1.0	2.5	2.692136697866585	2.692136697866585	Makarov2009,BaranskayaEtal2018
LU-4609	72.36	126.34	3390	391	-1.0	3.5	2.692136697866585	2.692136697866585	Makarov2009,BaranskayaEtal2018
LU-4909	72.05	126.81	4549	514	-1.0	5.4	2.692136697866585	2.692136697866585	Makarov2009,BaranskayaEtal2018
LU-4911	72.62	127.28	3903	410	-1.0	0.5	2.692136697866585	2.692136697866585	Makarov2009,BaranskayaEtal2018
LU-5496	72.56	125.2	4027	774	-1.0	8.5	2.692136697866585	2.692136697866585	Makarov2009,BaranskayaEtal2018
LU-5497	72.62	124.87	5481	415	-1.0	0.7	2.692136697866585	2.692136697866585	Makarov2009,BaranskayaEtal2018
LU-4413	72.61	125.94	4378	450	-1.0	5.2	2.692136697866585	2.692136697866585	Makarov2009,BaranskayaEtal2018
LU-4412	72.9	125.88	7313	343	-1.0	9.0	2.692136697866585	2.692136697866585	Makarov2009,BaranskayaEtal2018
LU-5498	72.62	124.87	2826	423	-1.0	7.5	2.692136697866585	2.692136697866585	Makarov2009,BaranskayaEtal2018
LU-5605	73.39	127.34	3118	372	-1.0	2.0	2.692136697866585	2.692136697866585	Makarov2009,BaranskayaEtal2018
