KIA-24556	11.31667	108.83333	5599	305	1.0	3.57	0.12	0.12	StatteggerEtal2013,MannEtal2019
KIA-27721	11.33333	108.83333	6728	322	-1.0	1.45	0.12	0.12	StatteggerEtal2013,MannEtal2019
KIA-27723	11.4	109.0	717	234	0.0	0.68	0.8	0.8	StatteggerEtal2013,MannEtal2019
KIA-27725	11.31667	108.86667	7236	282	1.0	1.47	0.12	0.12	StatteggerEtal2013,MannEtal2019
KIA-29367	11.4	109.0	1257	280	0.0	0.7	0.8	0.8	StatteggerEtal2013,MannEtal2019
KIA-29368	11.33333	108.83333	6783	318	-1.0	1.45	0.12	0.12	StatteggerEtal2013,MannEtal2019
KIA-29369	11.33333	108.83333	3732	333	-1.0	0.71	0.12	0.12	StatteggerEtal2013,MannEtal2019
KIA-29370	11.31667	108.83333	5397	321	1.0	2.97	0.12	0.12	StatteggerEtal2013,MannEtal2019
KIA-26151	11.33333	108.83333	3884	353	-1.0	1.22	0.12	0.12	StatteggerEtal2013,MannEtal2019
KIA-26152	11.31667	108.86667	5913	297	-1.0	1.17	0.12	0.12	StatteggerEtal2013,MannEtal2019
KIA-34378	11.31667	108.83333	5660	298	1.0	2.25	0.12	0.12	StatteggerEtal2013,MannEtal2019
KIA-24557	11.31667	108.83333	1828	322	1.0	2.18	0.12	0.12	StatteggerEtal2013,MannEtal2019
KIA-24560	11.31667	108.83333	1881	328	1.0	1.67	0.12	0.12	StatteggerEtal2013,MannEtal2019
KIA-29581	11.4	109.0	801	255	0.0	0.7	0.8	0.8	StatteggerEtal2013,MannEtal2019
KIA-29373	11.31667	108.86667	6159	299	-1.0	1.22	0.12	0.12	StatteggerEtal2013,MannEtal2019
KIA-29372	11.33333	108.83333	3348	335	-1.0	0.61	0.12	0.12	StatteggerEtal2013,MannEtal2019
KIA-26438	11.31667	108.83333	5766	306	1.0	2.67	0.12	0.12	StatteggerEtal2013,MannEtal2019
KIA-34377	11.31667	108.83333	5460	318	1.0	2.35	0.12	0.12	StatteggerEtal2013,MannEtal2019
