Bobo_U17	-6.3	147.8	32083	134	0.0	-61.25	20.45	20.45	YokoyamaEtal2001,HibbertEtal2016
Bobo_U11	-6.3	147.8	37956	215	0.0	-50.60000000000001	20.8	20.8	YokoyamaEtal2001,HibbertEtal2016
Bobo_U10	-6.3	147.8	37265	119	0.0	-48.550000000000004	20.65	20.65	YokoyamaEtal2001,HibbertEtal2016
Bobo_U28	-6.3	147.8	32349	416	0.0	-60.05	20.549999999999997	20.549999999999997	YokoyamaEtal2001,HibbertEtal2016
Bobo_U20	-6.3	147.8	37698	74	0.0	-58.7	20.8	20.8	YokoyamaEtal2001,HibbertEtal2016
Bobo_U21_	-6.3	147.8	29776	75	0.0	-43.95	20.45	20.45	YokoyamaEtal2001,HibbertEtal2016
Bobo_U30	-6.3	147.8	31616	76	0.0	-52.849999999999994	20.45	20.45	YokoyamaEtal2001,HibbertEtal2016
Bobo_U24	-6.3	147.8	32286	89	0.0	-51.900000000000006	20.5	20.5	YokoyamaEtal2001,HibbertEtal2016
Bobo_U18	-6.3	147.8	42535	129	0.0	-76.9	21.0	21.0	YokoyamaEtal2001,HibbertEtal2016
18.9	-6.25	147.667	9730	72	0.0	4.649999999999999	34.65	34.65	EdwardsEtal1993,HibbertEtal2016
Kanz_U15	-6.25	147.667	33480	79	0.0	-46.3	20.3	20.3	YokoyamaEtal2001,HibbertEtal2016
Gp_40.95	-6.6	147.85	12662	76	0.0	-49.7	11.9	11.9	CutlerEtal2003,HibbertEtal2016
Kanz_1	-6.25	147.667	61565	400	0.0	-38.150000000000006	21.549999999999997	21.549999999999997	ChappellEtal1996,HibbertEtal2016
KWA_64.3_A	-6.1	147.617	28390	189	0.0	-73.7	35.0	35.0	CutlerEtal2003,HibbertEtal2016
KWA-N-1_B	-6.1	147.617	50922	270	0.0	-46.05	35.95	35.95	CutlerEtal2003,HibbertEtal2016
KWA-N-1_A	-6.1	147.617	50352	400	0.0	-45.05	35.95	35.95	CutlerEtal2003,HibbertEtal2016
KWA-K-1_B	-6.1	147.617	47287	203	0.0	-18.65	35.85	35.85	CutlerEtal2003,HibbertEtal2016
KWA-K-1_A	-6.1	147.617	49919	210	0.0	-23.25	35.95	35.95	CutlerEtal2003,HibbertEtal2016
Kanz_11	-6.25	147.667	51465	180	0.0	-23.15	36.550000000000004	36.550000000000004	YokoyamaEtal2001,HibbertEtal2016
KWA-I-1_B	-6.1	147.617	46512	203	0.0	-38.199999999999996	35.9	35.9	CutlerEtal2003,HibbertEtal2016
KNM_58.7_(B)	-6.15	147.65	25443	102	0.0	-80.85000000000001	35.349999999999994	35.349999999999994	CutlerEtal2003,HibbertEtal2016
KNM_58.7_(A)	-6.15	147.65	25101	88	0.0	-79.95	35.349999999999994	35.349999999999994	CutlerEtal2003,HibbertEtal2016
KNM_50_C	-6.15	147.65	23678	89	0.0	-92.0	11.799999999999999	11.799999999999999	CutlerEtal2003,HibbertEtal2016
KNM_50_B	-6.15	147.65	23711	99	0.0	-92.10000000000001	11.799999999999999	11.799999999999999	CutlerEtal2003,HibbertEtal2016
KNM_50_A	-6.15	147.65	23635	99	0.0	-91.85000000000001	11.85	11.85	CutlerEtal2003,HibbertEtal2016
KNM_46.7	-6.15	147.65	14634	57	0.0	-65.75	11.549999999999999	11.549999999999999	CutlerEtal2003,HibbertEtal2016
KWA-I-1_A	-6.1	147.617	46755	448	0.0	-38.699999999999996	35.9	35.9	CutlerEtal2003,HibbertEtal2016
Kanz_13	-6.25	147.667	38410	509	0.0	-18.699999999999996	36.1	36.1	YokoyamaEtal2001,HibbertEtal2016
Kanz_15	-6.25	147.667	42098	585	0.0	-37.349999999999994	36.25	36.25	YokoyamaEtal2001,HibbertEtal2016
Kanz_34	-6.25	147.667	44619	400	0.0	-27.15	36.25	36.25	ChappellEtal1996,HibbertEtal2016
Kanz_U9_T	-6.25	147.667	42313	400	0.0	-64.55000000000001	20.65	20.65	ChappellEtal1996,HibbertEtal2016
KAN-C-2	-6.25	147.667	48679	321	0.0	-56.900000000000006	28.299999999999997	28.299999999999997	CutlerEtal2003,HibbertEtal2016
KAN-D-4	-6.25	147.667	48871	364	0.0	-19.15	36.550000000000004	36.550000000000004	CutlerEtal2003,HibbertEtal2016
Kanz_U9	-6.25	147.667	42447	108	0.0	-65.0	20.6	20.6	YokoyamaEtal2001,HibbertEtal2016
Kanz_U8	-6.25	147.667	37077	582	0.0	-36.150000000000006	36.05	36.05	YokoyamaEtal2001,HibbertEtal2016
Kanz_U16	-6.25	147.667	30478	404	0.0	-16.799999999999997	35.7	35.7	YokoyamaEtal2001,HibbertEtal2016
Kanz_U14_T	-6.25	147.667	34893	400	0.0	-46.9	20.4	20.4	ChappellEtal1996,HibbertEtal2016
Kanz_U13	-6.25	147.667	35943	338	0.0	-49.75	20.45	20.45	YokoyamaEtal2001,HibbertEtal2016
Kanz_U12	-6.25	147.667	37573	675	0.0	-53.9	20.6	20.6	YokoyamaEtal2001,HibbertEtal2016
Kanz_U11	-6.25	147.667	38042	175	0.0	-54.3	20.5	20.5	YokoyamaEtal2001,HibbertEtal2016
Kanz_U10	-6.25	147.667	43814	106	0.0	-31.950000000000003	36.25	36.25	YokoyamaEtal2001,HibbertEtal2016
Kanz_A	-6.25	147.667	37560	121	0.0	-55.05	20.45	20.45	YokoyamaEtal2001,HibbertEtal2016
Kanz_9T	-6.25	147.667	54747	400	0.0	-47.3	21.200000000000003	21.200000000000003	ChappellEtal1996,HibbertEtal2016
Kanz_9	-6.25	147.667	53574	218	0.0	-44.14999999999999	21.150000000000002	21.150000000000002	YokoyamaEtal2001,HibbertEtal2016
Kanz_4	-6.25	147.667	51595	1542	0.0	-30.400000000000002	21.599999999999998	21.599999999999998	YokoyamaEtal2001,HibbertEtal2016
Gp_38.0	-6.6	147.85	12476	65	0.0	-47.300000000000004	11.9	11.9	CutlerEtal2003,HibbertEtal2016
KNM-T-2_(b)	-6.15	147.65	36857	418	0.0	-33.45	36.05	36.05	CutlerEtal2003,HibbertEtal2016
KNM-T-2_(a)	-6.15	147.65	36891	194	0.0	-33.599999999999994	36.0	36.0	CutlerEtal2003,HibbertEtal2016
ANU-6785	-6.0	147.05	11303	494	-1.0	-48.044799999999995	0.52	0.52	ChappellPolach1991,MannEtal2019
ANU-6770	-6.0	147.05	8135	354	-1.0	-7.075000000000001	0.52	0.52	ChappellPolach1991,MannEtal2019
ANU-6781	-6.0	147.05	9747	409	-1.0	-28.034000000000002	0.52	0.52	ChappellPolach1991,MannEtal2019
ANU-6782	-6.0	147.05	10768	456	-1.0	-42.6549	0.52	0.52	ChappellPolach1991,MannEtal2019
ANU-6782	-6.0	147.05	10768	456	-1.0	-42.6549	0.52	0.52	ChappellPolach1991,MannEtal2019
ANU-6783	-6.0	147.05	10741	436	-1.0	-41.724500000000006	0.52	0.52	ChappellPolach1991,MannEtal2019
ANU-6783	-6.0	147.05	10741	436	-1.0	-41.724500000000006	0.52	0.52	ChappellPolach1991,MannEtal2019
ANU-6784	-6.0	147.05	10471	487	-1.0	-37.1823	0.52	0.52	ChappellPolach1991,MannEtal2019
38.0_a	-6.25	147.667	11004	27	0.0	-16.65	34.65	34.65	EdwardsEtal1993,HibbertEtal2016
ANU-6785	-6.0	147.05	11303	494	-1.0	-48.044799999999995	0.52	0.52	ChappellPolach1991,MannEtal2019
ANU-6786	-6.0	147.05	12428	403	-1.0	-62.0616	0.52	0.52	ChappellPolach1991,MannEtal2019
ANU-6771	-6.0	147.05	8571	392	-1.0	-13.528099999999998	0.52	0.52	ChappellPolach1991,MannEtal2019
ANU-6787	-6.0	147.05	12104	466	-1.0	-54.0795	0.52	0.52	ChappellPolach1991,MannEtal2019
ANU-6769	-6.0	147.05	12871	328	-1.0	-64.024	0.52	0.52	ChappellPolach1991,MannEtal2019
ANU-6768	-6.0	147.05	12409	415	-1.0	-57.2046	0.52	0.52	ChappellPolach1991,MannEtal2019
ANU-6767	-6.0	147.05	12088	464	-1.0	-53.8605	0.52	0.52	ChappellPolach1991,MannEtal2019
ANU-6766	-6.0	147.05	11075	471	-1.0	-45.8026	0.52	0.52	ChappellPolach1991,MannEtal2019
ANU-6766	-6.0	147.05	11075	471	-1.0	-45.8026	0.52	0.52	ChappellPolach1991,MannEtal2019
ANU-6765	-6.0	147.05	10731	436	-1.0	-40.6074	0.52	0.52	ChappellPolach1991,MannEtal2019
18.9	-6.25	147.667	9730	72	0.0	4.649999999999999	34.65	34.65	EdwardsEtal1993,HibbertEtal2016
ANU-6765	-6.0	147.05	10731	436	-1.0	-40.6074	0.52	0.52	ChappellPolach1991,MannEtal2019
27.7	-6.25	147.667	10582	77	0.0	-5.649999999999999	34.65	34.65	EdwardsEtal1993,HibbertEtal2016
3.2	-6.25	147.667	8445	71	0.0	22.6	34.6	34.6	EdwardsEtal1993,HibbertEtal2016
Sial-E-1	-6.1	147.6	68247	309	0.0	2.6000000000000014	47.4	47.4	CutlerEtal2003,HibbertEtal2016
31.3	-6.25	147.667	10758	24	0.0	-9.600000000000001	34.6	34.6	EdwardsEtal1993,HibbertEtal2016
ANU-6772	-6.0	147.05	8778	416	-1.0	-15.475799999999998	0.52	0.52	ChappellPolach1991,MannEtal2019
ANU-6773	-6.0	147.05	11441	499	-1.0	-49.686099999999996	0.52	0.52	ChappellPolach1991,MannEtal2019
ANU-6758	-6.0	147.05	7746	329	-1.0	-4.139699999999998	0.52	0.52	ChappellPolach1991,MannEtal2019
ANU-6759	-6.0	147.05	8359	374	-1.0	-8.474000000000002	0.52	0.52	ChappellPolach1991,MannEtal2019
ANU-6760	-6.0	147.05	8504	416	-1.0	-10.612200000000001	0.52	0.52	ChappellPolach1991,MannEtal2019
ANU-6761	-6.0	147.05	9053	405	-1.0	-19.756	0.52	0.52	ChappellPolach1991,MannEtal2019
ANU-6762	-6.0	147.05	9624	436	-1.0	-23.9022	0.52	0.52	ChappellPolach1991,MannEtal2019
ANU-6763	-6.0	147.05	9962	421	-1.0	-29.952	0.52	0.52	ChappellPolach1991,MannEtal2019
ANU-6777	-6.0	147.05	10051	441	-1.0	-32.6914	0.52	0.52	ChappellPolach1991,MannEtal2019
ANU-6764	-6.0	147.05	10545	458	-1.0	-38.7419	0.52	0.52	ChappellPolach1991,MannEtal2019
ANU-6776	-6.0	147.05	9635	433	-1.0	-27.236399999999996	0.52	0.52	ChappellPolach1991,MannEtal2019
ANU-6773	-6.0	147.05	11441	499	-1.0	-49.686099999999996	0.52	0.52	ChappellPolach1991,MannEtal2019
9.9	-6.25	147.667	8843	50	0.0	15.25	34.65	34.65	EdwardsEtal1993,HibbertEtal2016
48.8	-6.25	147.667	12940	69	0.0	-30.799999999999997	34.7	34.7	EdwardsEtal1993,HibbertEtal2016
45.7	-6.25	147.667	12920	37	0.0	-27.75	34.65	34.65	EdwardsEtal1993,HibbertEtal2016
41.5	-6.25	147.667	12432	40	0.0	-22.65	34.65	34.65	EdwardsEtal1993,HibbertEtal2016
41.0	-6.25	147.667	12255	56	0.0	-21.85	34.65	34.65	EdwardsEtal1993,HibbertEtal2016
38.9	-6.25	147.667	12184	71	0.0	-19.65	34.65	34.65	EdwardsEtal1993,HibbertEtal2016
ANU-6778	-6.0	147.05	9998	460	-1.0	-30.8995	0.52	0.52	ChappellPolach1991,MannEtal2019
ANU-6779	-6.0	147.05	10165	440	-1.0	-33.7517	0.52	0.52	ChappellPolach1991,MannEtal2019
38.4	-6.25	147.667	11138	57	0.0	-17.25	34.65	34.65	EdwardsEtal1993,HibbertEtal2016
ANU-6775	-6.0	147.05	9524	433	-1.0	-21.7502	0.52	0.52	ChappellPolach1991,MannEtal2019
ANU-6774	-6.0	147.05	8530	410	-1.0	-12.165399999999998	0.52	0.52	ChappellPolach1991,MannEtal2019
51.5	-6.25	147.667	13234	85	0.0	-34.0	34.7	34.7	EdwardsEtal1993,HibbertEtal2016
34.5	-6.25	147.667	11049	54	0.0	-13.25	34.65	34.65	EdwardsEtal1993,HibbertEtal2016
