AA-35717	-69.371	76.143	138	122	1.0	8.0	0.5	0.5	IshiwaEtal2021,HodgsonEtal2009
AA-35742	-69.371	76.143	1633	84	1.0	8.0	0.5	0.5	IshiwaEtal2021,HodgsonEtal2009
AA-35743	-69.371	76.143	2016	113	1.0	8.0	0.5	0.5	IshiwaEtal2021,HodgsonEtal2009
AA-35751	-69.407	76.055	2128	169	1.0	8.0	0.5	0.5	IshiwaEtal2021,VerleyenEtal2005
AA-35736	-69.376	76.382	2645	141	1.0	8.0	0.5	0.5	IshiwaEtal2021,VerleyenEtal2005
AA-35744	-69.371	76.143	7073	162	1.0	8.0	0.5	0.5	IshiwaEtal2021,HodgsonEtal2009
AA-35745	-69.371	76.143	7625	182	-1.0	8.0	0.5	0.5	IshiwaEtal2021,HodgsonEtal2009
AA-35739	-69.376	76.382	8921	270	1.0	8.0	0.5	0.5	IshiwaEtal2021,VerleyenEtal2005
AA-41164	-69.376	76.382	9434	106	1.0	8.0	0.5	0.5	IshiwaEtal2021,VerleyenEtal2005
AA-35746	-69.371	76.143	9478	125	1.0	8.0	0.5	0.5	IshiwaEtal2021,HodgsonEtal2009
AA-41633	-69.376	76.382	10635	282	-1.0	8.0	0.5	0.5	IshiwaEtal2021,VerleyenEtal2005
AA-35747	-69.371	76.143	12255	308	1.0	8.0	0.5	0.5	IshiwaEtal2021,HodgsonEtal2009
Beta-196950	-69.371	76.143	30734	397	1.0	8.0	0.5	0.5	IshiwaEtal2021,HodgsonEtal2009
Beta-196951	-69.371	76.143	31123	417	1.0	8.0	0.5	0.5	IshiwaEtal2021,HodgsonEtal2009
Beta-196952	-69.371	76.143	31708	712	-1.0	8.0	0.5	0.5	IshiwaEtal2021,HodgsonEtal2009
Larsemann_Hills-01	-69.371	76.143	35000	24000	1.0	8.0	0.5	0.5	IshiwaEtal2021,HodgsonEtal2009
Larsemann_Hills-02	-69.371	76.143	43000	30000	1.0	8.0	0.5	0.5	IshiwaEtal2021,HodgsonEtal2009
