A0090	28.36	130.0	46000	10000	-1.0	-53.19999999999999	20.624257562394817	22.622113075484357	OmuraEtal2000,OmuraEtal1985
MI-30	28.36	130.0	70400	2000	-1.0	-89.67999999999999	10.288712261502903	10.686889163830605	InagakiEtal2005
MI-32	28.36	130.0	68500	2400	-1.0	-100.44999999999999	10.736670806167057	11.214673423689165	InagakiEtal2005
MI-34	28.36	130.0	50200	1400	-1.0	-60.33999999999999	7.328546922821731	7.6060239284398845	InagakiEtal2005
MI-50	28.36	130.0	103000	3000	-1.0	4.900000000000006	15.133076356114767	15.731814898478802	InagakiOmura2006
N-2455	28.36	130.0	7093	428	-1.0	-2.737	1.3194093375446472	1.384442487068351	SugiharaEtal2003,OtaEtal1978
N-2456	28.36	130.0	6225	498	-1.0	-4.025999999999999	1.3018463811064653	1.3741906709041518	SugiharaEtal2003,OtaEtal1978
N-2457	28.36	130.0	4976	357	-1.0	-6.055999999999999	0.9063862311399045	0.9366237238080187	SugiharaEtal2003,OtaEtal1978
N-2458	28.36	130.0	3695	351	-1.0	-1.2389999999999999	0.824029732473289	0.8529249673916223	SugiharaEtal2003,OtaEtal1978
N-2459	28.36	130.0	4016	371	-1.0	-1.681	0.844843772540226	0.8741218450536512	SugiharaEtal2003,OtaEtal1978
N-2663	28.36	130.0	3548	349	-1.0	-2.9519999999999995	0.8153134366610183	0.8440379138403682	SugiharaEtal2003,OtaEtal1978
N-2664	28.36	130.0	3496	341	-1.0	-2.984	0.7996099048911292	0.8264163599542299	SugiharaEtal2003,OtaEtal1978
N-2665	28.36	130.0	2697	335	-1.0	-3.8789999999999996	0.7381388758221586	0.7619875327064086	SugiharaEtal2003,OtaEtal1978
N-2666	28.36	130.0	1771	327	-1.0	-2.787	0.6841703004369603	0.7064000283125706	SugiharaEtal2003,OtaEtal1978
N-2723	28.36	130.0	3903	375	-1.0	-0.7279999999999998	0.8376061126806559	0.8667548673067837	SugiharaEtal2003,OtaEtal1978
N-2724	28.36	130.0	2207	356	-1.0	-2.5819999999999994	0.7085224061382955	0.7315435735484256	SugiharaEtal2003,OtaEtal1978
NGA8625	28.36	130.0	3274	306	-1.0	-3.6251999999999995	0.5267782835311265	0.5502762942377221	SugiharaEtal2003
NZA10995	28.36	130.0	7898	259	-1.0	-6.2902	0.933939377047569	0.9579058200052862	SugiharaEtal2003
NZA10996	28.36	130.0	7479	253	-1.0	-3.5208999999999993	0.92305519336603	0.9510152943039349	SugiharaEtal2003
NZA11002	28.36	130.0	6076	278	-1.0	-1.5070999999999994	0.7599466362844172	0.783896223999071	SugiharaEtal2003
NZA11003	28.36	130.0	5995	288	-1.0	-0.1330000000000009	0.7845947998808059	0.812539845176838	SugiharaEtal2003
NZA7018	28.36	130.0	2310	334	-1.0	-3.6431	0.4554528405883539	0.48011066432646593	SugiharaEtal2003
MI-27	28.36	130.0	154800	6400	-1.0	-60.15999999999997	25.73943278318308	27.018512172212592	InagakiOmura2006
NZA7019	28.36	130.0	1215	261	-1.0	-2.4004	0.3630594441685823	0.3876381818139181	SugiharaEtal2003
MI-26	28.36	130.0	142700	5800	-1.0	-42.589999999999975	23.571221860565462	24.730226444575916	InagakiOmura2006
MI-20	28.36	130.0	122100	3800	-1.0	-2.569999999999993	18.31731694326439	19.076228662919736	InagakiOmura2006
KS-56	28.36	130.0	52300	1600	-1.0	-68.91	7.853922586835199	8.171419705289894	OmuraEtal2000
KS-56 	28.36	130.0	52300	1600	0.0	-54.41	10.85974677421164	11.091532806605226	SasakiEtal2004
KS-57	28.36	130.0	5310	220	-1.0	-6.826999999999999	0.8844144955845072	0.928347456505375	SugiharaEtal2003,OtaEtal2000
KS-58	28.36	130.0	52400	1400	-1.0	-67.08	7.546548880117325	7.824167687364585	OmuraEtal2000
KS-59	28.36	130.0	2590	140	-1.0	-3.6029999999999998	0.4855810951839049	0.5134403568088509	SugiharaEtal2003,OtaEtal2000
KS-60	28.36	130.0	61400	1600	-1.0	-77.38	8.757282683572573	9.075263081586115	OmuraEtal2000
KS-60 	28.36	130.0	61400	1600	0.0	-74.88	9.107140056021981	9.413309726127146	SasakiEtal2004
KS-61	28.36	130.0	4650	200	-1.0	-7.204999999999999	0.7865907449239409	0.8265137627408289	SugiharaEtal2003,OtaEtal2000
KS-65	28.36	130.0	3090	140	-1.0	-3.153	0.5353400788284026	0.5632237566012286	SugiharaEtal2003,OtaEtal2000
MI-01	28.36	130.0	439400	63700	-1.0	-704.9799999999999	145.86342790432425	158.60315255378754	InagakiEtal2005
MI-03	28.36	130.0	56700	2200	-1.0	-76.39	9.244246859533783	9.68178186079401	InagakiEtal2005
MI-04	28.36	130.0	63400	1600	-1.0	-89.77999999999999	8.95600357302295	9.274071382084582	InagakiEtal2005
MI-05	28.36	130.0	76100	2000	-1.0	-89.37	10.856154936256223	11.254514649686122	InagakiEtal2005
MI-06	28.36	130.0	77200	2200	-1.0	-91.23999999999998	11.284396306404693	11.72273005745676	InagakiEtal2005
MI-09	28.36	130.0	59900	1600	-1.0	-81.83	8.608280896903876	8.926191797177566	InagakiEtal2005
MI-10	28.36	130.0	93900	2800	-1.0	-119.63	13.90600230116478	14.464608532552832	InagakiEtal2005
MI-11	28.36	130.0	59300	2800	-1.0	-82.80999999999999	10.457920443376873	11.015484555842303	InagakiEtal2005
MI-13	28.36	130.0	61500	1600	-1.0	-86.55	8.767217346456066	9.08520225421537	InagakiEtal2005
MI-14	28.36	130.0	88900	2600	-1.0	-111.13	13.088258096477174	13.606796096069045	InagakiEtal2005
MI-16	28.36	130.0	87600	2800	-1.0	-108.91999999999999	13.277710646041367	13.836184445142393	InagakiEtal2005
MI-17	28.36	130.0	97700	3000	-1.0	28.909999999999997	14.604276770864097	15.202924060850913	InagakiOmura2006
MI-22	28.36	130.0	104500	3000	-1.0	17.350000000000023	15.282751715577925	15.881514411415578	InagakiOmura2006
KS-55	28.36	130.0	7000	240	-1.0	-5.899999999999999	1.0851525238416944	1.1331037022267658	SugiharaEtal2003,OtaEtal2000
NZA7020	28.36	130.0	2903	308	-1.0	-3.586099999999999	0.5137389317542523	0.5396214321169982	SugiharaEtal2003
NZA7022	28.36	130.0	4446	331	-1.0	-4.0703	0.6231093082276979	0.647433587327689	SugiharaEtal2003
TH-132a	28.36	130.0	5381	471	-1.0	-6.0595	1.146295010021417	1.206029124855615	SugiharaEtal2003,NakataEtal1978
TH-133	28.36	130.0	4084	467	-1.0	-1.9660000000000002	0.9827085020493115	1.0313117860278724	SugiharaEtal2003,NakataEtal1978
TH-134	28.36	130.0	3732	453	-1.0	-6.023	0.95785646106293	1.0060462216021688	SugiharaEtal2003,NakataEtal1978
TH-135	28.36	130.0	3845	451	-1.0	-3.825999999999999	0.9655444060218046	1.0138658688406479	SugiharaEtal2003,NakataEtal1978
TH-136	28.36	130.0	1893	392	-1.0	-3.2569999999999997	0.7848726011270875	0.822440879334193	SugiharaEtal2003,NakataEtal1978
TH-137	28.36	130.0	1325	345	-1.0	-1.4899999999999998	0.7344685153224744	0.7688016649305593	SugiharaEtal2003,NakataEtal1978
TH-138	28.36	130.0	1153	323	-1.0	-1.9349999999999998	0.7120737321373399	0.7440436815133907	SugiharaEtal2003,NakataEtal1978
TH-139	28.36	130.0	5496	452	-1.0	-7.3294999999999995	1.1408988780781575	1.1987536235607374	SugiharaEtal2003,NakataEtal1978
TH-140a	28.36	130.0	5743	437	-1.0	-7.861	1.1729113350974154	1.232935115892154	SugiharaEtal2003,NakataEtal1978
TH-141	28.36	130.0	4626	492	-1.0	-2.562999999999999	1.0462126934806322	1.0992911352321557	SugiharaEtal2003,NakataEtal1978
TH-142a	28.36	130.0	5411	456	-1.0	-4.3020000000000005	1.1341622458890093	1.19194127372115	SugiharaEtal2003,NakataEtal1978
TH-143	28.36	130.0	6475	470	-1.0	-5.308499999999999	1.2636297915133203	1.3282056504924238	SugiharaEtal2003,NakataEtal1978
TH-144	28.36	130.0	6538	467	-1.0	-2.1105	1.2691423285037822	1.3337661901547808	SugiharaEtal2003,NakataEtal1978
TH-179	28.36	130.0	1503	314	-1.0	-2.4704999999999995	0.49304183392487066	0.5308599156086286	SugiharaEtal2003,NakataEtal1978
TH-180	28.36	130.0	2482	362	-1.0	-2.09	0.6080592076434665	0.6499261496508658	SugiharaEtal2003,NakataEtal1978
TH-181	28.36	130.0	6053	379	-1.0	-7.5794999999999995	1.1140108841479062	1.1625189245771443	SugiharaEtal2003,NakataEtal1978
TM-01	28.36	130.0	3130	160	-1.0	-4.670999999999999	0.571192611997039	0.6030762804156702	SugiharaEtal2003,SasakiEtal1998
TM-02	28.36	130.0	2920	140	-1.0	-3.1239999999999997	0.5184168207147604	0.5462929616972935	SugiharaEtal2003,SasakiEtal1998
TM-03	28.36	130.0	2570	120	-1.0	-3.3689999999999998	0.4517753866690839	0.4756353645388449	SugiharaEtal2003,SasakiEtal1998
TM-04	28.36	130.0	3850	160	-1.0	-4.625	0.6429471206872304	0.6748547991975756	SugiharaEtal2003,SasakiEtal1998
TM-05	28.36	130.0	7190	260	-1.0	-8.203	1.1361007877824922	1.1880526082627834	SugiharaEtal2003,SasakiEtal1998
TH-131	28.36	130.0	4859	479	-1.0	-3.2944999999999993	1.077529697966604	1.1328160706840282	SugiharaEtal2003,NakataEtal1978
NZA7021	28.36	130.0	3165	303	-1.0	-3.3456	0.5243891684617449	0.548682932120181	SugiharaEtal2003
TH-130	28.36	130.0	6897	465	-1.0	-5.6055	1.3309854431961317	1.399841508885916	SugiharaEtal2003,NakataEtal1978
TH-128	28.36	130.0	6855	471	-1.0	-1.8289999999999988	1.341650103417429	1.4124592029506566	SugiharaEtal2003,NakataEtal1978
NZA7023	28.36	130.0	3863	336	-1.0	-2.2703999999999995	0.5817526622199508	0.606464640354242	SugiharaEtal2003
NZA7024	28.36	130.0	6336	299	-1.0	-6.1066	0.8121406035902905	0.8396899665948128	SugiharaEtal2003
NZA7025	28.36	130.0	6083	281	-1.0	-5.388999999999999	0.7670313944031231	0.7917802978099422	SugiharaEtal2003
NZA7026	28.36	130.0	5216	313	-1.0	-5.706199999999999	0.6888171019944258	0.7135539503078938	SugiharaEtal2003
NZA7027	28.36	130.0	6446	274	-1.0	-7.926399999999999	0.7991656649281166	0.8239185396627509	SugiharaEtal2003
NZA8623a	28.36	130.0	6753	300	-1.0	-1.6789999999999985	0.8173308020624201	0.8408878403211704	SugiharaEtal2003
NZA8624a	28.36	130.0	6912	302	-1.0	-2.177199999999999	0.8702375767570603	0.8985921432997284	SugiharaEtal2003
NZA8626	28.36	130.0	6713	297	-1.0	-3.4879999999999987	0.8207244604616099	0.8450804458748294	SugiharaEtal2003
NZA8627	28.36	130.0	7022	281	-1.0	-5.489299999999999	0.843183781864904	0.8667433818610899	SugiharaEtal2003
OA037	28.36	130.0	42000	6000	-1.0	-43.39999999999999	13.83618444514238	15.033296378372908	OmuraEtal2000,KonishiEtal1974
OA038	28.36	130.0	55000	4000	-1.0	-67.5	11.941942890501533	12.739309243440166	OmuraEtal2000,KonishiEtal1974
OA045	28.36	130.0	38000	4000	-1.0	-39.599999999999994	10.248902380255162	11.045361017187261	OmuraEtal2000,KonishiEtal1974
OA047	28.36	130.0	131000	4000	-1.0	-52.69999999999999	19.525624189766635	20.32461561752154	InagakiOmura2006,KonishiEtal1974
OA050	28.36	130.0	54000	4000	-1.0	-51.8	11.842297074469966	12.639620247459963	OmuraEtal2000,KonishiEtal1974
OA051	28.36	130.0	39000	4000	-1.0	-38.3	10.348429832588135	11.144954015158604	OmuraEtal2000,KonishiEtal1974
OA052	28.36	130.0	54000	8000	-1.0	-51.8	18.22745182410312	19.82523644247402	OmuraEtal2000,OmuraKonishi1970
OA055	28.36	130.0	43000	6000	-1.0	-46.099999999999994	13.935924798878615	15.133076356114781	OmuraEtal2000,KonishiEtal1974
OA073	28.36	130.0	127000	9000	-1.0	-45.89999999999998	27.118443908159623	28.91729586251108	InagakiOmura2006,KonishiEtal1974
OA078	28.36	130.0	50000	4000	-1.0	-35.0	11.443775600735979	12.240914998479488	OmuraEtal2000,KonishiEtal1974
OA121	28.36	130.0	50000	6000	-1.0	-75.0	14.634206503941382	15.831613941730637	OmuraEtal2000,KonishiEtal1974
OA122	28.36	130.0	51000	4000	-1.0	-76.69999999999999	11.543396380615196	12.340583454602148	OmuraEtal2000,KonishiEtal1974
TH-129	28.36	130.0	6585	479	-1.0	-3.369999999999999	1.2870881865668724	1.3537222758010605	SugiharaEtal2003,NakataEtal1978
TM-06	28.36	130.0	7290	260	-1.0	-9.433	1.1460911831089178	1.1980438222368988	SugiharaEtal2003,SasakiEtal1998
KS-54	28.36	130.0	64500	2000	-1.0	-99.64999999999999	9.70167511309259	10.099628706046586	OmuraEtal2000
KS-47	28.36	130.0	3960	200	-1.0	-4.261999999999999	0.717743686840922	0.7576516349880071	SugiharaEtal2003,SasakiEtal1998
AO490	28.36	130.0	61900	1400	-1.0	-79.22999999999999	8.48910478201323	8.767217346456066	InagakiEtal2005
AO491	28.36	130.0	67600	1800	-1.0	-87.91999999999999	9.691728432018719	10.049875621120904	InagakiEtal2005
AO514	28.36	130.0	49800	1200	-1.0	-59.66	6.972087205421349	7.209687926672	InagakiEtal2005
AO515	28.36	130.0	46800	1000	-1.0	-54.56	6.359119435896781	6.556706490304402	InagakiEtal2005
AO516	28.36	130.0	49700	1200	-1.0	-59.489999999999995	6.962190747171468	7.199784719003766	InagakiEtal2005
CK-16	28.36	130.0	4046	438	-1.0	-3.715	0.9391618603840348	0.9818477478713283	SugiharaEtal2003,KonishiEtal1974
CK-17	28.36	130.0	4017	435	-1.0	-1.681	0.9374694661694322	0.9801270325830218	SugiharaEtal2003,KonishiEtal1974
CK-33	28.36	130.0	7444	385	-1.0	-10.798	1.2907749610214798	1.3481483597883421	SugiharaEtal2003,KonishiEtal1974
DT-04	28.36	130.0	47300	1400	-1.0	-62.41	7.041370605216003	7.318640584152224	OmuraEtal2000
DT-05	28.36	130.0	51000	1400	-1.0	-54.69999999999999	7.4078066929422395	7.685336687484815	OmuraEtal2000
DT-06	28.36	130.0	67300	2600	-1.0	-49.41	10.935817299132243	11.453737381309208	OmuraEtal2000
DT-07	28.36	130.0	50800	1600	-1.0	-54.36	7.705167097474266	8.022568167363858	OmuraEtal2000
GaK-452	28.36	130.0	4587	446	-1.0	-4.428999999999999	0.9887411187970285	1.0339366518312427	OtaEtal1978
GaK-453	28.36	130.0	2527	353	-1.0	-2.7579999999999996	0.7764251412724856	1.35718679628119	SugiharaEtal2003,MiiKigoshi1966
GaK-454	28.36	130.0	7117	397	-1.0	-5.270999999999999	1.2622523519486908	1.711969917960009	SugiharaEtal2003,MiiKigoshi1966
GaK-6315	28.36	130.0	1989	343	-1.0	-2.3099999999999996	0.7199472202877095	0.7462680483579608	SugiharaEtal2003,OtaEtal1978
GaK-6316	28.36	130.0	2871	456	-1.0	-1.617	0.9273408219203988	0.978407379367102	SugiharaEtal2003,OtaEtal1978
GaK-6639	28.36	130.0	3466	390	-1.0	-2.9499999999999993	0.8618607776201445	0.8980623586366376	SugiharaEtal2003,OtaEtal1978
GaK-6640	28.36	130.0	5423	425	-1.0	-4.718999999999999	1.0779726341609974	1.127883415961064	SugiharaEtal2003,OtaEtal1978
GaK-6730	28.36	130.0	3498	410	-1.0	-0.18400000000000016	0.8897730047602034	0.9298688079508849	SugiharaEtal2003,OtaEtal1978
GaK-6731	28.36	130.0	5362	390	-1.0	-2.733999999999999	1.0173475315741414	1.0594130450395645	SugiharaEtal2003,OtaEtal1978
AO489	28.36	130.0	50700	1200	-1.0	-58.19	7.0611684585484955	7.298828673150237	InagakiEtal2005
GaK-6732	28.36	130.0	3181	357	-1.0	-3.6589999999999994	0.8176851472296651	0.8496875896469248	SugiharaEtal2003,OtaEtal1978
AO488	28.36	130.0	45100	1000	-1.0	-56.67	6.191292272215888	6.388747921150124	InagakiEtal2005
AO485	28.36	130.0	40900	1000	-1.0	-44.53	5.777205206672172	5.97428656828579	InagakiEtal2005
A0247	28.36	130.0	45000	4000	-1.0	-51.5	10.945775440780801	11.742657280190036	OmuraEtal2000,Omura1988
A0354	28.36	130.0	60400	3200	-1.0	-62.67999999999999	11.20471329396696	11.842297074469966	OmuraEtal2000
A0446	28.36	130.0	49100	1200	-1.0	-65.47	6.90281826502771	7.140371138813437	OmuraEtal2000
AO009	28.36	130.0	104000	11000	-1.0	3.200000000000017	28.0178514522438	30.21655175561899	InagakiOmura2006,OmuraEtal1985
AO088	28.36	130.0	51000	6000	-1.0	-61.69999999999999	14.733974345029914	15.931415505221128	OmuraEtal2000,OmuraEtal1985
AO091	28.36	130.0	51000	8000	-1.0	-61.69999999999999	17.927911200137057	19.52562418976665	OmuraEtal2000,OmuraEtal1985
AO092	28.36	130.0	41000	8000	-1.0	-49.7	16.92955994702757	18.527007313648905	OmuraEtal2000,OmuraEtal1985
AO152	28.36	130.0	55000	4000	-1.0	-68.5	11.941942890501533	12.739309243440166	OmuraEtal2000,OmuraEtal1985
AO239	28.36	130.0	126000	12000	-1.0	-9.199999999999989	31.815719385234726	34.21461675950793	InagakiOmura2006,Omura1988
AO246	28.36	130.0	103000	9000	-1.0	4.900000000000006	24.720234626718266	26.51886121235224	InagakiOmura2006,Omura1988
AO248	28.36	130.0	347000	71000	-1.0	-419.9	148.30337150584273	162.50307689394685	InagakiOmura2006,Omura1988
AO266	28.36	130.0	121000	9000	-1.0	-5.699999999999989	26.51886121235224	28.317662332897477	InagakiOmura2006,Omura1988
AO350	28.36	130.0	58200	3400	-1.0	-83.94	11.304317759157344	11.981802869351505	OmuraEtal2000
AO351	28.36	130.0	67800	4000	-1.0	-50.25999999999999	13.21788182728232	14.015719746056588	OmuraEtal2000
AO351 	28.36	130.0	67800	4000	-1.0	-50.25999999999999	13.21788182728232	14.015719746056588	SasakiEtal2004
AO417	28.36	130.0	5560	220	-1.0	-6.2219999999999995	0.9093756099654324	0.9533121209761259	SugiharaEtal2003,SasakiEtal1998
AO418	28.36	130.0	2850	160	-1.0	-3.8149999999999995	0.5433056230152605	0.5751773639495912	SugiharaEtal2003,SasakiEtal1998
AO419	28.36	130.0	6460	260	-1.0	-7.271999999999999	1.0631763729504145	1.1151215180418679	SugiharaEtal2003,SasakiEtal1998
AO432	28.36	130.0	5360	240	-1.0	-5.5120000000000005	0.9213576938409966	0.9692904621422826	SugiharaEtal2003,OtaEtal2000
AO435	28.36	130.0	5320	220	-1.0	-5.043999999999999	0.8854128980311939	0.9293460066089494	SugiharaEtal2003,OtaEtal2000
AO460	28.36	130.0	41000	1000	-1.0	-44.7	5.787054518492124	5.984145720150864	InagakiEtal2005
AO486	28.36	130.0	49800	1400	-1.0	-56.66	7.288923102900728	7.566372975210778	InagakiEtal2005
KS-51a	28.36	130.0	5950	220	-1.0	-7.115	0.9483190391424196	0.9922605504604117	SugiharaEtal2003,OtaEtal2000
GaK-6733	28.36	130.0	3761	371	-1.0	-3.024	0.8537353219821704	0.8864671454712805	SugiharaEtal2003,OtaEtal1978
HY-01	28.36	130.0	41600	1000	-1.0	-45.72	5.846161133598702	6.043310351123789	InagakiEtal2005
KM-15 	28.36	130.0	62400	1600	0.0	-65.58	11.605602095539904	11.850080168505194	SasakiEtal2004
KM-17 	28.36	130.0	54300	1400	-1.0	-74.30999999999999	7.734914349881324	8.012646254515424	SasakiEtal2004
KM-19 	28.36	130.0	61800	3200	-1.0	-85.05999999999999	11.344161493913948	11.981802869351519	SasakiEtal2004
KM-20 	28.36	130.0	51300	1200	-1.0	-69.21	7.120568797504871	7.358267459123791	SasakiEtal2004
KM-21 	28.36	130.0	65000	1800	-1.0	-60.5	9.433154297476543	9.791200130729628	SasakiEtal2004
KM-23 	28.36	130.0	63700	1800	-1.0	-73.28999999999999	9.303897032964198	9.661889049249117	SasakiEtal2004
KM-27 	28.36	130.0	56500	1600	-1.0	-73.05	8.270677118591932	8.58841661774742	SasakiEtal2004
KN-04	28.36	130.0	4340	180	-1.0	-5.177999999999999	0.7237292311355119	0.7596472865744996	SugiharaEtal2003,OtaEtal2000
KS-33	28.36	130.0	5050	220	-1.0	-4.744999999999999	0.8584573373208472	0.9023862809240839	SugiharaEtal2003,SasakiEtal1998
KS-34	28.36	130.0	5110	220	-1.0	-4.8469999999999995	0.8644472222177596	0.9083771243266753	SugiharaEtal2003,SasakiEtal1998
KS-35	28.36	130.0	6940	280	-1.0	-8.008	1.1430940468745345	1.1990429516910563	SugiharaEtal2003,SasakiEtal1998
KS-36	28.36	130.0	6510	280	-1.0	-7.277	1.1001368096741424	1.1560817445146327	SugiharaEtal2003,SasakiEtal1998
KS-37	28.36	130.0	61000	2000	-1.0	-92.69999999999999	9.353608929178082	9.751410154434078	OmuraEtal2000
KS-38	28.36	130.0	5550	240	-1.0	-6.434999999999999	0.9403302611316942	0.9882656525449034	SugiharaEtal2003,SasakiEtal1998
KS-39	28.36	130.0	6290	280	-1.0	-6.853	1.0781600066780441	1.1341027290329575	SugiharaEtal2003,SasakiEtal1998
KS-41	28.36	130.0	5500	220	-1.0	-5.75	0.9033847463843973	0.9473204315330687	SugiharaEtal2003,OtaEtal2000
KS-42	28.36	130.0	6400	280	-1.0	-6.979999999999999	1.0891482910972217	1.1450921360309834	SugiharaEtal2003,OtaEtal2000
KS-43	28.36	130.0	6150	260	-1.0	-7.555	1.0322117030919584	1.0841535869054717	SugiharaEtal2003,OtaEtal2000
KS-44	28.36	130.0	5780	240	-1.0	-7.225999999999999	0.9632984999469268	1.0112368664165696	SugiharaEtal2003,OtaEtal2000
KS-45	28.36	130.0	6330	260	-1.0	-6.860999999999999	1.0501909350208651	1.102134746752865	SugiharaEtal2003,OtaEtal2000
KS-46	28.36	130.0	6640	280	-1.0	-8.988	1.1131235331264908	1.1690697156286267	SugiharaEtal2003,OtaEtal2000
KM-14 	28.36	130.0	56100	1800	-1.0	-72.36999999999999	8.548689958116384	8.906317982196692	SasakiEtal2004
GaK-6734	28.36	130.0	5512	396	-1.0	-3.754999999999999	1.056769132781612	1.1028549315299818	SugiharaEtal2003,OtaEtal1978
KM-13 	28.36	130.0	74900	1800	-1.0	-70.33	10.418104434108928	10.776497575743248	SasakiEtal2004
KM-05 	28.36	130.0	67600	2000	-1.0	-97.91999999999999	10.010074924794512	10.408150652253276	SasakiEtal2004
HY-02	28.36	130.0	46200	1200	-1.0	-63.53999999999999	6.6160108826996264	6.853349546024923	InagakiEtal2005
HY-03	28.36	130.0	64800	1600	-1.0	-82.16	9.095141560195756	9.413267233006826	InagakiEtal2005
HY-04	28.36	130.0	59500	1600	-1.0	-87.14999999999999	8.568552970017755	8.886444733412807	InagakiEtal2005
HY-06	28.36	130.0	41600	1000	-1.0	-45.72	5.846161133598702	6.043310351123789	InagakiEtal2005
HY-07	28.36	130.0	40700	1200	-1.0	-44.19	6.072898813581536	6.30974642913644	InagakiEtal2005
HY-08	28.36	130.0	49600	1200	-1.0	-56.31999999999999	6.952294585243058	7.189881779278437	InagakiEtal2005
HY-09	28.36	130.0	53200	1400	-1.0	-65.44	7.625850772208962	7.90351820393931	InagakiEtal2005
KL-1	28.36	130.0	3840	340	-1.0	-3.1929999999999996	0.7833319858144435	0.8050844676181501	SugiharaEtal2003,KonishiEtal1983
KL-13	28.36	130.0	2126	301	-1.0	-2.6469999999999994	0.640937594466107	0.6536367492728665	SugiharaEtal2003,KonishiEtal1983
KL-15	28.36	130.0	3661	320	-1.0	-3.755	0.7726066269454337	0.7941593039183008	SugiharaEtal2003,KonishiEtal1983
KL-2	28.36	130.0	3458	317	-1.0	-3.3329999999999997	0.7366688536920781	0.7544700126578925	SugiharaEtal2003,KonishiEtal1983
KL-3	28.36	130.0	3335	328	-1.0	-3.1299999999999994	0.7537214339528896	0.7748961220705654	SugiharaEtal2003,KonishiEtal1983
KL-4	28.36	130.0	3083	296	-1.0	-3.873	0.714927269028116	0.7322738558763382	SugiharaEtal2003,KonishiEtal1983
KL-5	28.36	130.0	3280	296	-1.0	-3.6119999999999997	0.7042840336114403	0.7185095684818682	SugiharaEtal2003,KonishiEtal1983
KM-01	28.36	130.0	61200	1800	-1.0	-83.03999999999999	9.055385138137417	9.413267233006826	OmuraEtal2000
KM-01 	28.36	130.0	61200	1800	-1.0	-83.53999999999999	9.055385138137417	9.413267233006826	SasakiEtal2004
KM-02	28.36	130.0	69800	1800	-1.0	-98.66	9.910580205013225	10.268807136177015	OmuraEtal2000
KM-03	28.36	130.0	63800	2200	-1.0	-73.46	9.950376877284604	10.388243354869969	OmuraEtal2000
KM-04	28.36	130.0	66200	1800	-1.0	-47.53999999999999	9.5524865872714	9.910580205013225	OmuraEtal2000
KM-04 	28.36	130.0	66200	1800	-1.0	-47.53999999999999	9.5524865872714	9.910580205013225	SasakiEtal2004
KM-05	28.36	130.0	67300	1800	-1.0	-96.41	9.661889049249117	10.020024950068736	OmuraEtal2000
KM-06	28.36	130.0	65200	3800	-1.0	-75.83999999999999	12.639620247459963	13.397372876799405	OmuraEtal2000
TM-07	28.36	130.0	4080	200	-1.0	-6.1259999999999994	0.7297150128646112	0.7696258831406341	SugiharaEtal2003,SasakiEtal1998
